160 50 100
1 14 6 1 118 135
1 15 9 7 199 9
1 16 4 9 171 103
1 38 5 5 128 497
3 12 2 4 376 434
3 21 2 7 439 81
3 39 18 11 419 127
3 41 5 7 7 423
3 42 7 2 18 357
4 7 3 4 165 358
5 18 9 8 209 156
6 13 4 3 337 11
6 37 5 6 58 266
6 43 2 7 220 375
6 45 9 1 342 386
7 11 9 6 125 155
7 39 8 9 244 385
8 18 6 6 441 353
8 48 4 9 353 390
9 39 2 18 489 295
9 43 2 12 499 474
9 44 5 3 452 140
10 16 5 3 216 370
10 23 8 7 112 438
12 20 6 6 413 45
13 31 5 15 28 450
14 39 7 3 85 405
15 8 3 8 485 15
15 15 9 2 131 487
16 11 6 8 234 328
16 18 3 2 455 143
16 33 10 9 106 331
17 20 6 5 498 39
18 15 2 13 467 368
18 35 5 4 163 32
19 7 9 9 164 495
19 39 4 10 443 99
20 21 9 6 191 492
20 33 1 9 449 373
20 34 9 9 96 402
21 31 6 7 251 88
21 33 9 4 112 31
21 35 3 5 177 371
21 48 7 4 462 209
23 26 4 7 309 416
24 26 9 8 120 442
24 28 1 12 480 15
24 38 5 6 50 305
24 44 3 5 483 370
25 11 3 8 487 239
25 18 6 5 170 177
25 33 4 7 227 412
26 25 6 5 441 300
26 36 1 9 314 155
29 3 5 8 465 380
29 7 4 9 228 340
29 11 4 1 349 443
29 13 4 20 115 17
29 24 2 4 460 235
30 23 3 3 15 52
30 25 9 7 209 263
31 20 5 7 429 276
32 5 3 1 400 180
32 11 4 3 472 441
32 15 8 4 65 127
32 24 9 7 233 344
32 31 9 7 165 242
32 37 5 6 450 65
33 23 1 16 482 33
33 33 6 7 340 104
35 32 2 15 485 353
36 36 5 6 327 381
36 49 4 4 219 340
38 11 3 10 164 238
38 20 3 10 79 258
38 40 3 10 249 98
38 41 9 9 92 213
39 10 7 2 429 407
39 20 8 3 484 445
39 25 4 6 486 382
39 37 9 7 62 69
40 11 4 7 245 35
40 46 3 9 417 361
41 23 6 18 391 270
41 47 7 5 468 35
42 3 9 8 230 269
42 25 10 9 152 246
43 38 3 8 84 240
44 47 1 10 467 161
45 26 2 12 485 356
46 23 4 6 413 400
46 26 8 6 242 242
46 28 5 9 257 426
46 39 9 2 186 227
47 46 7 8 198 135
48 10 8 5 173 286
48 29 6 5 122 390
48 39 3 6 185 9
48 41 9 2 223 143
49 46 2 5 387 227
