160 50 99
3 41 4 3 471 140
4 12 3 3 484 50
5 2 5 13 390 206
5 7 5 3 411 188
5 9 7 3 164 220
5 12 2 6 364 144
5 16 7 7 211 101
5 18 7 9 102 156
5 33 12 20 255 304
6 1 5 4 305 381
6 19 6 5 431 143
6 46 6 5 287 25
7 1 2 9 339 403
7 12 2 5 439 246
7 19 7 7 264 14
7 39 3 3 438 457
8 6 9 10 54 357
8 9 2 7 465 430
9 12 1 8 478 359
9 22 8 6 307 365
10 6 9 9 199 398
10 18 2 14 497 235
11 6 5 9 359 474
11 16 8 10 131 299
12 3 6 7 197 415
12 12 8 3 341 438
12 41 2 8 494 110
13 1 2 7 446 224
13 6 1 9 114 404
13 11 9 5 339 163
13 39 4 10 445 305
14 22 9 9 181 34
14 43 7 5 499 191
14 47 5 5 140 257
15 29 4 4 422 398
15 31 1 18 239 183
16 11 4 3 74 282
16 41 4 5 396 375
17 39 3 12 497 2
18 9 9 2 372 443
18 36 9 10 70 239
19 7 4 8 309 90
19 19 4 8 407 475
19 45 3 3 346 19
19 46 5 2 466 280
20 2 1 9 181 92
21 46 3 1 332 468
22 2 8 3 353 249
22 3 2 9 499 273
22 16 2 4 71 110
23 2 2 9 470 498
23 7 4 9 250 133
23 28 5 5 245 327
23 31 10 6 103 337
24 27 3 3 471 481
24 39 5 9 373 169
24 40 7 5 479 248
25 2 7 5 240 369
28 8 7 9 135 41
29 12 6 4 63 181
29 13 5 4 208 225
29 14 6 9 191 82
29 31 6 9 248 138
29 32 9 4 182 452
29 41 4 3 493 233
29 44 7 1 292 380
29 46 1 3 196 38
31 39 8 4 458 315
32 1 1 5 160 103
32 27 3 9 433 369
32 28 2 12 488 449
35 31 2 12 470 243
35 35 3 12 488 332
36 14 1 4 235 351
36 23 5 9 247 291
36 29 3 8 468 322
37 3 1 3 37 22
37 5 2 11 472 103
38 7 1 2 202 432
39 22 6 6 93 334
39 24 8 7 178 411
39 28 1 20 500 115
40 31 8 4 250 382
41 5 7 5 254 116
41 32 4 7 260 89
41 39 7 4 445 493
41 40 7 4 442 34
41 46 14 6 238 211
42 17 3 3 29 438
42 19 11 4 233 436
42 35 6 5 416 315
43 4 2 4 364 237
45 10 2 6 224 173
45 31 10 2 353 229
46 31 8 4 220 413
46 35 6 6 345 311
47 27 3 5 320 439
47 37 5 7 211 299
49 4 8 2 359 275
