640 250 793
0 145 4 8 172 122
0 147 5 9 123 468
0 148 2 9 308 7
0 149 8 8 87 317
0 150 5 8 140 215
0 151 1 12 467 108
0 152 4 4 351 226
0 156 4 4 352 178
0 157 9 8 248 287
1 60 5 9 148 255
1 62 2 10 334 432
1 63 2 7 478 53
1 64 1 7 479 348
1 65 3 8 280 463
1 69 4 4 468 267
1 76 5 4 69 278
1 79 10 2 375 322
1 81 7 2 96 5
1 148 8 1 213 453
1 156 1 4 131 145
2 73 7 6 100 259
3 62 4 5 335 219
3 64 2 7 480 141
3 73 4 3 351 149
3 76 2 2 346 103
3 81 3 4 237 112
3 148 1 4 90 100
3 156 5 7 57 61
4 62 9 2 373 111
4 64 9 3 249 426
4 73 7 3 201 458
4 76 4 2 230 42
4 81 5 9 123 255
4 144 9 1 142 457
4 145 2 3 161 457
4 147 7 6 241 218
4 148 7 3 483 139
4 149 4 6 423 6
4 150 9 3 377 156
4 151 9 6 218 500
4 153 6 6 328 218
4 154 8 16 133 415
4 156 4 7 72 209
4 157 11 7 281 14
5 62 4 8 210 493
5 64 8 2 421 252
5 73 1 9 470 401
5 76 1 5 369 167
5 81 10 9 140 217
5 148 10 5 203 263
5 156 9 5 180 223
5 159 10 3 493 15
6 62 4 6 281 423
6 64 2 7 482 304
6 65 7 4 313 486
6 67 10 2 438 40
6 70 1 18 486 54
6 71 14 11 208 482
6 73 2 5 424 143
6 76 3 9 323 246
6 77 1 18 483 196
6 78 4 5 434 388
6 80 9 4 241 421
6 81 8 4 469 231
6 148 9 8 158 55
6 149 5 7 247 147
6 153 9 6 160 312
6 155 10 2 129 455
6 156 2 9 451 216
6 158 3 4 213 262
6 159 5 8 13 7
7 62 7 8 219 299
7 64 6 8 141 58
7 71 2 18 489 259
7 72 2 18 488 291
7 73 4 5 213 58
7 74 9 4 487 333
7 75 4 4 243 323
7 76 8 10 218 140
7 77 1 5 157 429
7 78 4 1 196 330
7 80 3 1 166 177
7 81 2 16 470 204
7 148 9 3 422 361
7 156 4 5 406 408
8 62 10 4 307 499
8 64 2 7 484 23
8 73 1 9 474 473
8 77 4 9 445 194
8 81 3 11 456 164
8 146 6 2 113 434
8 147 7 10 63 432
8 148 2 12 475 78
8 149 8 7 181 7
8 150 11 6 199 63
8 152 4 7 406 352
8 154 5 5 455 260
8 156 3 8 474 195
9 64 4 4 93 65
9 66 3 11 490 176
9 69 2 17 475 375
9 70 9 4 448 53
9 71 10 4 403 201
9 72 2 17 474 85
9 73 4 9 447 340
9 74 9 5 357 223
9 75 4 9 445 289
9 76 5 7 499 310
9 77 10 10 160 357
9 78 1 6 477 58
9 79 8 6 238 444
9 81 9 5 335 27
9 148 3 8 482 141
9 156 7 8 204 199
10 62 1 4 151 362
10 64 9 9 187 44
10 73 6 7 384 92
10 81 8 10 189 369
10 148 6 4 483 263
10 155 9 4 377 146
10 156 9 4 318 183
11 62 4 7 439 294
11 64 5 7 480 398
11 73 2 17 475 116
11 81 3 11 459 435
11 147 1 7 47 2
11 148 9 7 203 467
11 150 8 7 188 325
11 151 3 6 450 154
11 152 7 5 231 480
11 153 4 5 404 141
11 154 1 17 475 200
11 155 1 17 474 294
11 156 5 9 255 466
11 158 1 5 170 27
12 81 9 6 281 454
12 148 3 9 474 426
12 156 6 8 240 333
13 62 9 7 196 148
13 63 4 6 480 288
13 66 7 4 411 30
13 69 5 8 287 157
13 74 2 12 477 187
13 75 8 3 476 203
13 76 2 12 475 369
13 77 9 6 211 230
13 78 5 1 97 339
13 79 8 2 30 229
13 81 9 4 422 287
13 144 7 9 203 101
13 147 9 8 254 186
13 148 5 6 440 190
13 156 3 8 481 430
14 62 2 13 475 416
14 64 5 7 481 102
14 67 9 9 209 155
14 69 3 6 409 253
14 72 7 5 210 196
14 73 8 5 404 289
14 74 5 4 461 470
14 75 19 9 387 18
14 76 5 8 457 276
14 77 1 15 487 87
14 78 5 6 243 440
14 79 6 4 19 416
14 81 2 16 475 331
14 148 3 9 489 444
14 156 6 4 482 159
15 73 2 17 476 146
15 74 8 9 128 81
15 145 1 1 110 170
15 148 2 14 472 113
15 150 7 5 6 361
15 154 6 7 120 119
15 156 2 12 497 339
15 157 15 8 180 494
15 159 6 16 187 57
16 67 4 8 367 240
16 74 4 6 381 423
16 75 4 6 442 453
16 77 6 3 496 169
16 144 20 2 319 215
16 148 7 20 283 369
16 155 6 5 452 114
16 156 9 8 175 381
17 67 4 6 488 491
17 74 3 7 435 71
17 75 8 4 331 184
17 76 6 7 489 66
17 77 4 10 223 39
17 148 2 14 474 244
17 156 7 5 361 305
17 159 14 18 393 175
18 60 9 3 412 113
18 67 6 5 334 302
18 69 5 10 222 306
18 70 3 10 314 207
18 71 10 4 235 185
18 73 9 10 104 1
18 74 4 1 338 168
18 75 19 16 411 322
18 76 6 2 148 104
18 77 2 9 494 341
18 80 6 6 32 358
18 148 6 9 246 142
18 156 9 3 468 185
18 159 9 4 408 477
19 67 20 11 350 463
19 75 2 10 454 64
19 77 2 9 485 15
19 148 2 14 475 271
19 156 17 13 48 298
20 62 10 3 456 245
20 67 8 3 416 151
20 74 4 5 455 66
20 77 5 8 218 180
20 145 4 13 37 205
20 147 3 8 268 48
20 148 5 7 381 352
20 149 8 2 403 200
20 150 9 9 80 132
20 151 4 7 232 309
20 152 9 5 241 279
20 153 2 11 493 164
20 155 3 4 100 302
20 156 3 9 469 123
21 64 9 4 213 413
21 67 5 4 499 164
21 69 8 5 228 254
21 71 2 10 455 8
21 73 1 19 478 310
21 74 10 2 454 400
21 75 8 9 126 452
21 76 17 8 71 231
21 77 4 5 434 144
21 79 5 9 89 420
21 80 3 4 30 342
21 81 2 5 146 361
21 148 2 14 477 287
21 156 8 5 317 218
22 67 6 6 277 281
22 73 7 8 290 464
22 74 1 13 481 441
22 75 2 9 420 152
22 77 4 5 433 186
22 145 6 7 157 151
22 147 9 5 406 122
22 148 5 6 446 6
22 155 3 10 451 43
22 156 2 13 488 252
23 67 9 7 158 100
23 74 2 9 347 161
23 75 7 7 154 63
23 77 2 9 481 273
23 145 7 4 153 497
23 147 5 7 216 253
23 148 2 14 478 191
23 149 20 20 110 97
23 150 8 3 239 400
23 151 3 1 448 10
23 152 8 2 473 426
23 153 2 8 474 444
23 156 3 9 470 216
24 66 2 10 286 221
24 67 4 5 497 56
24 68 7 4 204 84
24 70 3 1 271 137
24 71 7 2 405 228
24 72 6 4 236 21
24 73 6 6 452 470
24 74 8 5 156 489
24 75 1 15 488 454
24 76 7 3 268 267
24 77 9 8 120 108
24 78 1 8 73 60
24 80 4 5 29 82
24 81 10 4 381 480
24 148 2 14 479 8
24 155 4 7 483 301
25 67 3 7 473 289
25 74 4 4 209 44
25 75 5 3 487 103
25 76 8 7 367 94
25 77 2 9 477 446
25 148 5 6 448 103
25 156 4 9 353 85
25 159 9 5 326 82
26 67 9 7 143 29
26 74 2 4 74 233
26 75 9 2 405 7
26 77 8 8 134 155
26 145 6 6 421 18
26 148 2 14 481 155
26 155 4 7 482 55
26 156 9 9 157 361
26 159 7 5 418 273
27 67 2 7 96 496
27 74 2 7 233 54
27 75 8 5 182 196
27 77 4 6 212 50
27 145 10 8 189 284
27 148 3 9 499 481
27 155 6 8 281 335
27 156 6 8 265 366
28 67 4 1 64 93
28 74 3 1 211 146
28 77 8 1 152 185
28 145 2 16 472 213
28 147 6 7 434 341
28 148 7 4 482 483
28 150 5 7 348 390
28 155 2 14 481 116
29 62 4 3 83 112
29 70 10 3 341 87
29 71 4 6 425 419
29 73 7 8 182 322
29 74 1 10 474 492
29 75 8 2 296 424
29 76 5 2 473 106
29 77 6 4 197 497
29 78 9 9 26 12
29 80 5 2 205 6
29 145 5 7 431 365
29 150 3 9 450 358
29 155 2 13 500 290
30 145 5 7 430 412
30 150 6 7 289 297
30 151 1 18 497 182
30 152 8 3 372 249
30 153 2 9 495 363
30 154 2 9 494 371
30 155 16 10 365 493
30 156 6 10 148 14
30 157 5 4 427 226
30 159 4 8 457 291
31 145 4 9 418 385
31 148 3 9 500 207
31 150 6 6 337 52
31 155 9 3 480 230
31 157 9 4 237 160
31 159 5 6 487 272
32 145 7 6 358 125
32 148 8 9 211 335
32 150 10 3 404 424
32 151 2 12 464 394
32 153 3 8 463 500
32 154 8 6 231 350
32 155 5 5 480 257
32 156 10 5 119 409
32 157 7 4 304 295
32 158 2 4 180 237
32 159 8 4 456 330
33 145 2 15 500 120
33 147 9 8 253 379
33 150 2 13 466 240
33 155 2 12 499 291
33 157 6 3 472 465
33 159 6 5 486 35
34 145 8 6 312 102
34 150 2 13 465 465
34 155 7 9 190 244
34 157 9 2 471 206
34 159 7 9 231 168
35 145 2 15 498 199
35 147 2 19 478 1
35 150 9 3 447 480
35 155 2 9 460 17
35 156 8 8 199 274
35 157 3 6 470 231
35 159 2 15 484 7
36 144 10 3 424 221
36 145 4 8 466 391
36 147 8 6 378 96
36 150 7 5 265 253
36 155 7 5 229 220
36 157 5 5 338 76
36 159 3 10 483 430
37 144 4 7 454 135
37 145 2 15 496 371
37 147 2 19 477 320
37 148 8 5 338 407
37 150 4 7 331 469
37 155 5 4 400 90
37 157 2 9 469 165
37 159 2 17 412 330
38 144 4 7 453 484
38 145 9 4 413 62
38 147 9 5 402 419
38 150 10 5 185 353
38 155 4 7 285 263
38 156 3 9 472 340
38 157 3 2 301 499
38 159 5 6 466 31
39 144 2 13 487 196
39 145 8 4 464 461
39 150 3 8 385 63
39 155 4 6 332 358
39 157 2 9 467 103
39 159 8 9 194 416
40 144 6 5 422 29
40 145 5 6 494 102
40 147 2 19 475 466
40 150 2 10 461 301
40 155 7 5 227 54
40 157 4 9 233 22
40 159 5 3 398 157
41 144 4 7 452 88
41 145 4 8 463 202
41 147 4 10 451 429
41 150 8 8 144 190
41 155 4 4 237 122
41 157 9 2 465 252
41 159 1 12 497 259
42 144 2 2 248 362
42 145 4 9 411 285
42 147 8 5 450 55
42 150 2 10 458 14
42 155 2 5 379 367
42 157 4 6 348 496
42 159 1 12 496 389
43 144 3 9 467 89
43 145 9 8 205 147
43 147 2 18 499 73
43 150 1 19 482 140
43 155 6 2 315 448
43 157 3 9 309 349
43 159 9 3 220 404
44 144 7 9 200 7
44 145 5 6 491 263
44 147 7 6 427 142
44 150 2 10 457 280
44 155 8 1 472 130
44 157 5 9 185 356
44 159 5 3 395 358
45 144 8 7 224 367
45 145 8 5 368 207
45 147 4 5 199 26
45 150 7 4 326 113
45 155 1 10 377 374
45 157 6 10 138 385
45 159 4 3 493 224
46 144 5 9 278 379
46 145 5 6 490 276
46 147 5 9 244 39
46 150 6 6 253 126
46 155 5 2 376 237
46 157 4 4 417 421
46 159 7 2 422 338
47 144 5 5 499 151
47 145 10 9 163 293
47 147 2 11 499 150
47 150 8 5 227 130
47 155 6 2 313 21
47 157 4 4 416 90
47 159 9 5 131 129
48 144 7 4 445 471
48 145 3 6 116 219
48 147 7 8 196 417
48 150 10 2 389 349
48 155 2 4 469 109
48 157 4 4 415 356
48 159 1 12 491 57
49 144 7 8 222 259
49 145 2 7 149 111
49 147 9 2 483 78
49 155 5 5 150 346
49 157 4 9 184 125
49 159 9 6 109 17
50 145 2 9 107 328
50 150 9 8 108 262
51 144 10 3 76 281
51 147 9 5 193 167
51 150 10 9 76 13
51 155 4 2 213 409
51 157 10 5 132 265
51 159 5 6 185 395
52 145 2 2 182 159
52 147 5 1 146 28
52 148 4 1 111 4
52 149 3 4 250 274
52 150 2 4 376 313
52 151 3 3 335 491
52 152 1 9 336 300
52 153 1 7 433 18
52 156 3 5 58 378
107 120 1 2 181 130
107 121 3 7 35 36
108 116 11 5 379 59
109 120 1 8 105 337
109 121 4 20 287 240
110 120 6 1 141 346
110 121 5 5 474 353
111 119 7 4 470 94
111 120 4 7 168 137
111 121 8 4 371 260
111 122 11 9 102 92
112 116 1 2 22 438
112 118 1 6 135 271
112 119 1 6 136 177
112 120 4 6 236 464
112 121 3 8 495 499
112 122 8 3 144 294
112 127 6 7 154 221
113 116 3 6 53 396
113 120 7 7 146 326
113 121 7 4 480 237
113 122 4 9 49 435
113 123 16 14 227 433
113 124 4 9 471 128
113 125 4 7 257 304
114 118 3 4 433 399
114 119 4 8 162 116
114 120 13 4 252 442
114 121 8 4 421 444
114 122 6 2 21 130
114 123 2 9 268 62
114 125 2 6 401 437
114 126 10 4 120 388
114 128 1 1 94 361
115 121 4 9 473 463
115 122 3 3 472 404
115 123 5 7 485 314
115 124 9 7 269 245
115 125 7 10 242 139
115 126 5 10 186 365
115 127 2 9 1 455
116 125 7 6 404 169
117 115 2 14 481 351
117 116 6 9 135 117
117 118 6 3 406 168
117 119 2 8 457 74
117 120 9 8 207 115
117 121 2 18 474 325
117 122 3 8 59 390
117 129 7 5 492 135
118 115 9 3 487 98
118 119 6 5 438 296
118 120 1 5 44 442
118 121 5 7 488 446
118 125 10 4 424 237
118 126 15 15 25 468
118 128 6 9 242 412
119 116 3 14 496 370
119 119 3 7 223 98
119 121 1 8 157 357
119 122 1 3 419 365
119 125 7 2 193 260
119 126 8 2 293 426
120 116 7 6 495 203
120 125 4 9 471 162
121 115 10 3 344 450
121 124 5 6 337 182
122 115 7 8 184 349
122 120 5 6 497 23
122 122 5 7 286 414
122 124 8 9 140 265
122 125 10 7 242 213
123 115 9 4 285 390
123 119 6 4 447 58
123 122 5 5 400 476
123 124 6 4 417 231
123 125 5 10 232 64
124 115 2 11 466 290
124 116 1 1 247 96
124 119 8 5 268 6
124 122 6 9 185 168
124 124 2 10 500 327
124 125 9 2 398 69
125 115 8 3 427 62
125 116 3 5 242 229
125 119 8 2 104 300
125 123 6 8 123 260
125 124 6 9 185 342
125 125 5 9 159 342
125 127 3 3 185 1
125 128 8 9 23 454
126 115 2 11 465 151
126 116 4 11 472 319
126 122 4 1 369 10
126 124 8 7 178 92
126 125 2 9 395 131
127 115 6 8 213 240
127 116 9 9 256 481
127 119 2 11 487 106
127 124 6 4 413 419
127 125 2 8 444 379
128 115 6 4 389 352
128 116 7 6 492 7
128 122 6 4 414 261
128 124 5 4 495 281
128 125 6 7 169 66
129 115 5 9 207 253
129 116 9 5 451 309
129 119 7 9 170 400
129 120 3 5 430 21
129 121 6 4 198 287
129 122 2 10 496 362
129 123 4 4 403 482
129 124 8 3 412 347
129 125 12 19 390 291
129 126 3 10 185 10
129 128 3 6 91 298
130 115 1 14 494 319
130 119 6 5 330 32
130 122 1 20 495 5
130 124 2 10 494 372
130 125 8 7 126 124
131 115 8 8 108 287
131 116 9 10 225 285
131 119 3 7 471 392
131 122 2 10 494 297
131 124 1 20 493 423
131 125 2 9 390 16
132 115 3 10 49 340
132 116 6 10 42 494
132 117 3 8 412 268
132 119 3 7 470 34
132 122 3 2 411 328
132 123 2 10 493 44
132 124 7 7 201 332
132 125 2 8 438 184
132 127 7 5 200 213
133 115 9 3 11 228
133 116 3 5 166 1
133 119 2 9 157 473
133 124 5 7 80 347
133 125 1 7 42 245
134 115 2 1 79 211
134 122 6 2 475 240
134 124 1 4 41 461
135 116 4 18 495 480
135 119 3 9 85 489
135 120 13 9 128 92
135 122 4 9 158 91
135 125 3 5 76 291
192 138 2 7 101 279
193 138 4 3 149 189
194 138 3 3 199 127
195 138 19 20 385 24
196 138 4 7 495 49
197 132 6 3 162 482
197 133 4 4 183 341
197 135 4 8 92 355
197 136 17 5 248 189
197 138 9 6 257 447
197 140 6 9 293 206
197 141 2 12 487 236
198 131 6 6 235 413
198 134 6 5 445 479
198 138 2 14 496 19
198 139 8 8 208 240
198 141 6 6 85 415
198 143 9 3 113 273
199 138 4 9 386 401
199 141 5 5 286 496
200 131 5 7 247 61
200 136 3 9 212 115
200 137 7 6 440 296
200 138 5 8 348 394
200 140 4 8 493 271
200 141 7 17 459 190
200 142 3 7 198 486
201 138 9 8 194 281
201 142 5 7 265 65
202 137 7 6 439 352
202 138 2 14 499 34
202 139 4 8 496 266
203 138 6 5 466 325
204 132 4 8 495 193
204 133 5 8 397 310
204 138 5 7 453 168
204 139 16 6 42 430
204 140 10 8 197 79
204 141 6 7 170 134
204 142 2 3 134 101
205 131 6 6 389 484
205 138 6 6 441 425
205 139 9 8 155 71
205 141 7 3 338 450
206 131 3 2 37 189
206 133 9 7 141 209
206 134 3 10 297 332
206 135 20 9 261 52
206 138 2 16 497 438
206 139 4 6 463 113
206 140 2 10 499 186
206 141 1 15 472 343
206 142 8 6 193 477
207 140 8 5 249 304
207 141 1 15 471 484
208 132 5 7 452 89
208 133 4 8 179 391
208 137 14 16 294 225
208 138 9 3 25 371
208 139 2 3 462 105
208 140 2 10 497 417
208 141 2 8 441 328
208 143 7 1 91 261
209 132 4 8 494 320
209 137 1 9 485 452
209 138 4 8 498 87
209 139 6 4 461 142
209 142 4 5 462 313
210 137 10 4 460 57
210 139 1 2 110 377
210 140 2 10 496 375
210 141 5 4 352 54
211 131 2 14 499 454
211 132 4 8 493 345
211 137 3 12 462 261
211 140 7 6 236 234
211 141 1 15 469 187
211 142 3 9 342 220
212 131 2 14 498 209
212 132 9 4 438 412
212 137 5 9 369 493
212 139 10 5 221 105
212 140 1 20 495 278
212 141 4 7 251 247
212 142 7 3 439 286
213 131 2 14 497 15
213 132 9 10 175 238
213 137 9 8 230 52
213 139 5 8 276 3
213 140 9 3 366 265
213 141 9 3 260 35
213 142 10 2 380 3
214 131 5 13 15 105
214 132 9 10 174 399
214 137 2 10 497 480
214 139 7 4 394 323
214 140 1 20 494 227
214 141 1 15 467 135
214 142 4 8 237 414
215 131 6 5 462 251
215 132 6 7 372 141
215 135 4 4 482 307
215 136 9 2 428 241
215 137 7 7 157 293
215 138 6 6 443 286
215 139 9 9 136 266
215 140 4 9 274 316
215 141 6 3 389 203
215 142 8 2 472 208
215 143 15 6 128 251
216 131 8 10 173 362
216 132 2 3 446 7
216 135 10 7 58 253
216 136 7 2 231 329
216 137 3 7 473 71
216 139 2 11 499 237
216 140 5 7 184 183
216 141 7 2 499 110
216 142 1 11 472 262
217 131 2 14 494 371
217 132 4 8 476 146
217 137 1 20 496 328
217 139 4 10 274 58
217 140 5 5 393 167
217 141 3 5 465 323
217 142 1 4 216 452
218 131 4 7 493 441
218 132 2 16 475 21
218 137 2 10 495 485
218 139 4 6 455 90
218 140 6 5 327 421
218 141 3 9 258 410
218 142 1 6 461 143
219 131 7 10 197 141
219 132 8 8 237 190
219 137 3 7 471 66
219 139 8 6 227 226
219 140 1 20 490 358
219 141 2 7 497 108
219 142 6 2 230 24
220 132 1 2 250 451
220 137 8 5 247 341
220 139 4 4 325 341
220 140 9 8 136 211
220 141 3 3 193 96
220 142 2 3 458 138
221 131 3 2 351 72
221 137 10 4 13 258
221 139 3 9 192 359
221 140 2 9 181 253
221 141 6 7 2 388
222 131 5 2 210 399
222 132 6 4 241 350
222 133 2 9 117 426
222 135 9 5 111 325
222 138 5 7 143 461
222 140 3 6 279 58
222 142 5 7 71 240
