640 250 1000
0 9 9 15 345 349
0 10 1 10 457 6
0 13 3 4 381 54
2 8 2 3 209 309
4 8 3 2 151 45
5 8 9 2 235 102
5 12 8 4 475 440
7 8 8 6 175 129
8 8 5 8 211 449
8 9 8 3 376 313
9 8 6 3 469 379
9 9 3 8 377 178
10 8 4 5 423 72
12 8 5 4 425 225
12 9 3 7 431 417
15 8 1 18 477 380
16 8 3 10 287 90
16 9 2 5 153 40
16 12 7 8 249 236
17 8 5 4 431 42
17 12 5 6 464 392
18 9 6 7 216 281
19 9 14 3 409 25
19 11 9 4 246 415
19 12 7 6 305 45
19 14 1 1 176 490
20 9 7 10 1 319
20 14 10 7 11 143
21 13 4 7 89 78
22 10 7 2 352 495
22 12 9 7 203 350
23 12 4 7 250 191
24 9 10 4 127 363
24 13 7 2 363 188
25 10 7 2 351 52
26 10 2 5 490 180
26 12 2 7 496 434
27 12 4 5 347 259
28 10 4 2 135 15
28 11 7 4 74 294
28 12 5 9 154 43
29 8 3 3 37 42
29 9 3 4 58 249
29 10 2 7 345 63
29 12 2 7 492 129
30 9 8 8 35 320
31 9 7 9 145 10
31 10 8 3 199 3
32 10 3 6 265 99
32 13 2 1 215 98
33 10 2 6 397 106
33 12 4 6 250 280
34 10 8 3 198 89
37 0 4 4 2 111
37 1 5 2 193 227
37 2 2 4 240 325
37 3 4 4 99 249
37 7 8 9 259 2
41 0 7 8 178 357
42 0 2 10 499 491
43 0 5 5 400 7
44 0 2 15 334 473
45 0 9 4 28 177
45 2 8 10 120 158
45 112 3 6 192 279
45 126 10 10 69 447
46 0 9 10 188 473
46 117 2 8 232 109
46 120 7 9 214 415
46 121 15 9 116 320
46 129 2 7 240 263
47 112 10 2 192 261
47 115 7 8 118 58
47 116 8 2 83 133
47 117 6 4 155 418
47 129 3 10 125 115
48 0 7 5 485 233
48 115 8 7 119 406
48 116 1 7 190 465
48 120 2 14 483 170
48 122 7 5 278 409
48 125 3 7 461 75
49 112 1 8 482 76
49 115 3 9 247 111
49 116 1 4 333 467
49 126 1 10 484 134
49 129 6 2 313 148
50 3 2 15 398 346
50 126 1 20 485 372
50 127 4 10 45 259
51 0 9 6 315 371
51 3 5 5 477 125
51 115 16 2 252 216
51 116 3 6 109 415
51 120 6 5 452 171
51 126 7 4 347 322
51 127 7 10 114 38
51 129 8 8 138 74
52 3 2 12 496 154
52 112 3 6 436 338
52 116 6 1 328 500
52 117 6 7 233 209
52 120 5 6 473 126
52 127 6 10 134 340
52 129 4 10 221 364
53 2 8 7 171 315
53 115 2 9 449 65
53 116 1 4 493 205
53 126 7 9 155 492
54 8 8 8 202 99
54 112 7 3 374 448
54 115 2 9 450 306
54 120 2 15 497 176
54 126 2 10 489 178
54 129 6 6 450 285
55 2 1 7 152 297
55 3 8 3 494 486
55 112 6 6 219 195
55 124 4 3 286 178
55 126 3 7 466 345
55 127 3 6 449 231
55 129 8 17 187 250
56 1 3 9 256 480
56 2 9 4 232 486
56 4 7 6 164 247
56 5 6 15 488 210
56 7 1 7 86 271
56 8 4 7 460 277
56 112 2 9 439 48
56 115 2 9 451 360
56 117 3 10 328 91
56 120 2 15 498 397
56 121 7 4 445 383
56 122 8 5 311 195
56 123 4 5 138 76
56 124 8 8 180 434
56 125 1 10 491 322
56 126 1 20 490 471
56 127 4 8 253 252
56 129 10 7 233 220
56 130 6 5 107 460
57 2 4 4 382 144
57 112 10 2 396 409
57 116 3 8 453 460
57 127 6 5 270 352
58 2 8 9 84 271
58 3 8 4 369 291
58 8 6 5 426 279
58 112 1 16 496 341
58 116 3 8 454 201
58 117 3 7 470 132
58 118 9 7 106 181
58 120 6 8 312 471
58 123 7 6 34 188
58 124 6 5 47 120
58 125 2 4 176 92
58 127 7 4 290 23
58 128 3 1 198 272
58 129 3 11 495 327
59 2 7 3 117 76
59 3 4 7 421 499
59 112 3 6 441 286
59 115 8 3 341 239
59 117 7 3 471 78
59 126 2 10 492 231
59 129 6 6 454 20
60 0 7 3 172 154
60 1 8 7 225 293
60 2 4 2 235 213
60 3 5 5 471 33
60 4 7 10 181 119
60 8 6 5 424 149
60 112 7 6 195 491
60 115 1 17 488 489
60 116 2 11 497 186
60 126 9 3 365 456
60 127 7 5 233 454
60 129 5 7 467 399
60 133 11 4 436 168
61 2 4 6 78 371
61 8 10 10 117 3
61 112 9 3 304 171
61 115 5 4 415 276
61 117 9 3 368 428
61 121 2 16 488 155
61 126 5 7 282 68
61 139 2 8 237 331
61 148 3 4 143 111
62 8 2 12 487 38
62 112 7 3 391 472
62 115 7 8 149 413
62 117 10 2 497 356
62 148 1 4 430 340
62 151 3 13 489 310
62 152 3 13 488 500
62 153 4 10 475 244
62 155 6 10 315 279
62 158 1 9 495 154
62 159 9 9 232 193
62 160 6 7 388 398
62 163 7 5 464 422
62 164 7 5 463 370
62 165 8 9 225 358
62 167 5 7 461 368
62 168 7 5 460 408
62 169 3 11 487 401
63 3 7 4 419 119
63 8 2 12 470 161
63 112 3 6 464 282
63 115 6 3 464 138
63 117 6 8 208 189
63 121 4 8 487 452
63 129 6 9 305 239
63 135 7 5 229 174
63 139 6 2 317 246
63 141 5 7 488 131
63 149 1 5 3 240
63 156 4 10 473 200
64 112 6 8 175 493
64 113 7 1 165 235
64 115 6 4 349 307
64 116 6 4 460 108
64 117 4 9 278 216
64 118 2 12 494 281
64 119 10 10 95 191
64 120 20 8 360 178
64 121 3 9 353 214
64 122 8 4 298 96
64 127 8 2 23 234
64 139 10 4 96 100
64 148 9 2 180 38
64 149 4 8 188 84
64 165 9 5 409 494
64 166 9 10 70 39
65 2 6 2 137 186
65 116 9 9 145 409
65 117 2 18 279 149
65 121 2 16 486 473
65 134 6 7 194 341
65 135 1 17 480 42
65 136 4 7 292 398
65 138 7 4 300 65
65 140 3 8 353 474
65 141 3 12 476 139
65 144 6 8 201 84
65 146 2 10 485 449
65 147 1 20 486 87
65 149 19 7 119 2
65 166 9 2 351 229
65 169 10 8 236 411
66 4 7 6 25 90
66 5 6 8 31 402
66 113 3 5 158 302
66 115 4 10 210 477
66 116 3 8 490 235
66 117 7 3 479 228
66 118 9 3 439 203
66 119 6 7 157 320
66 123 10 3 221 233
66 129 6 8 345 189
66 139 1 17 498 55
66 148 1 20 488 394
66 156 7 6 453 465
67 118 8 8 185 215
67 121 5 7 444 417
67 132 3 6 446 337
67 134 6 3 445 442
67 135 2 9 499 232
67 137 9 3 296 38
67 139 6 3 471 29
67 146 4 7 285 231
67 150 6 6 221 427
67 156 16 7 18 390
67 157 1 13 471 414
67 158 5 6 204 37
67 161 3 6 339 169
67 163 6 3 337 194
67 164 4 4 379 98
67 165 6 6 168 356
67 168 4 6 251 161
67 169 6 7 451 305
67 171 6 5 187 374
68 112 5 7 446 459
68 116 8 9 164 120
68 117 8 8 158 179
68 127 8 9 114 492
68 139 5 7 243 204
68 148 2 10 490 1
68 149 1 20 492 452
68 156 3 4 303 249
69 115 4 9 235 171
69 116 6 12 443 474
69 117 2 11 460 468
69 118 2 12 489 96
69 121 3 11 470 157
69 135 2 10 451 385
69 136 1 10 342 117
69 138 1 9 381 183
69 140 1 8 429 119
69 141 5 7 491 137
69 142 2 7 426 377
69 143 2 6 498 207
69 144 4 3 499 209
69 145 7 8 107 178
69 146 3 8 250 91
69 150 14 5 238 367
69 152 5 7 197 80
69 156 9 9 236 273
69 166 2 7 461 313
69 169 2 19 499 170
70 116 9 6 219 45
70 129 2 17 489 64
70 139 6 7 203 243
70 148 7 8 176 65
70 149 6 9 183 148
70 166 3 5 431 311
70 169 4 10 475 451
71 112 10 4 391 91
71 133 10 9 213 285
71 139 4 6 356 369
71 148 1 20 493 133
71 166 3 10 216 215
71 169 8 5 476 123
72 117 2 11 462 29
72 118 8 3 486 281
72 146 6 7 464 353
72 149 9 4 276 122
72 166 3 8 271 226
72 169 5 8 477 54
73 112 7 9 249 301
73 121 2 16 480 417
73 135 10 9 222 407
73 136 4 10 500 126
73 137 7 7 409 403
73 140 10 5 432 47
73 141 3 20 361 182
73 142 3 15 482 369
73 143 10 9 242 167
73 145 3 15 485 69
73 149 6 8 458 457
73 151 9 5 490 357
73 153 8 9 307 48
73 165 6 10 306 154
73 166 4 8 204 427
73 169 4 10 478 216
74 118 6 7 277 450
74 121 9 4 426 260
74 122 2 9 486 37
74 139 3 15 480 274
74 141 7 8 307 468
74 148 7 7 449 359
74 156 3 14 492 9
74 162 2 18 391 416
74 166 2 14 499 83
74 168 9 7 221 297
74 171 3 7 188 410
75 122 6 3 485 299
75 127 5 9 183 88
75 139 7 7 460 75
75 141 8 9 239 125
75 142 11 6 229 193
75 148 9 2 67 39
75 149 6 8 463 362
75 153 9 9 186 354
75 154 4 6 431 383
75 156 2 18 287 319
75 159 2 11 467 236
75 160 5 8 488 217
75 161 7 4 366 407
75 162 2 11 465 239
75 163 8 6 213 276
75 165 2 10 469 466
75 167 8 8 146 294
75 168 5 5 188 300
75 169 10 4 479 348
76 121 6 6 425 311
76 122 10 4 218 83
76 148 1 5 207 9
76 149 3 15 494 45
76 160 7 6 464 44
76 166 2 14 500 249
77 116 3 8 496 305
77 118 5 5 400 472
77 148 10 5 441 141
77 160 2 20 487 255
77 161 3 12 459 439
77 163 10 4 412 12
77 164 9 9 203 353
77 166 10 3 215 253
77 168 8 6 134 34
77 170 6 2 165 352
77 171 8 3 363 427
78 112 9 10 175 340
78 118 2 10 499 426
78 121 5 7 436 299
78 141 6 6 479 318
78 160 8 6 405 65
78 165 3 13 470 239
78 171 10 3 290 105
79 118 7 5 285 377
79 122 16 8 485 353
79 143 7 5 441 310
79 165 4 10 458 421
80 118 8 5 249 456
80 119 7 2 489 498
80 121 2 12 500 77
80 123 5 3 456 9
80 124 3 7 325 393
80 127 5 7 194 14
80 132 6 7 119 487
80 135 1 17 474 40
80 136 1 17 475 46
80 139 10 9 213 264
80 141 2 20 481 307
80 142 10 8 241 234
80 143 2 20 483 194
80 144 6 7 461 314
80 146 5 8 485 282
80 149 3 13 499 322
80 150 9 6 361 8
80 156 6 7 493 383
80 160 4 10 485 71
80 163 12 9 181 146
80 165 5 8 457 291
80 171 6 3 483 368
81 118 1 20 497 126
81 121 8 3 499 209
81 122 2 10 423 351
81 132 6 4 57 252
81 134 4 7 193 31
81 136 10 3 338 319
81 137 9 8 250 2
81 140 2 19 495 79
81 141 6 8 392 256
81 142 9 6 349 96
81 143 7 6 449 207
81 144 3 13 484 223
81 145 3 13 485 288
81 146 2 19 488 376
81 148 6 8 395 75
81 154 4 10 475 214
81 161 8 5 476 455
81 170 9 5 424 272
82 116 10 3 441 116
82 118 4 5 496 21
82 121 6 8 247 389
82 122 7 3 402 385
82 124 7 4 423 458
82 125 2 12 493 346
82 126 2 12 492 278
82 127 4 6 491 416
82 128 2 18 327 196
82 129 5 9 241 206
82 133 5 8 477 413
82 160 2 20 484 58
83 113 1 9 124 25
83 116 2 9 241 283
83 117 8 7 137 154
83 118 4 9 275 426
83 119 7 3 367 421
83 120 6 3 494 166
83 121 2 9 495 166
83 122 2 10 422 371
83 127 3 9 179 271
83 128 9 4 248 71
83 135 5 6 482 368
83 148 6 9 267 104
83 149 1 4 158 96
83 153 8 10 180 65
83 154 7 5 410 77
83 157 2 11 479 40
83 160 2 20 483 379
83 161 5 8 262 193
83 164 8 6 216 486
83 166 7 11 469 248
83 168 4 6 428 3
83 169 9 7 163 208
83 171 5 7 248 370
84 118 1 20 494 203
84 121 9 3 311 379
84 122 3 6 468 372
84 138 8 6 294 254
84 139 9 8 314 253
84 144 4 8 480 466
84 148 9 6 284 376
84 150 5 7 438 472
84 153 4 7 455 383
84 154 7 4 454 63
84 157 2 13 486 298
84 158 2 13 485 8
84 160 2 20 482 20
84 161 4 7 435 269
84 162 8 4 380 422
84 163 2 13 467 86
84 164 5 6 404 478
84 165 9 6 337 425
84 166 2 10 497 413
84 167 1 20 496 281
84 168 7 8 177 335
85 118 2 2 493 221
85 122 1 17 495 129
85 135 15 2 426 27
85 138 2 15 470 271
85 143 8 3 428 224
85 144 4 8 477 294
85 146 9 9 228 10
85 148 8 10 277 383
85 150 2 9 484 33
85 152 4 8 272 110
85 161 6 3 478 84
85 162 5 4 430 308
85 166 7 11 470 302
85 168 3 3 350 394
85 169 3 4 262 339
86 113 10 4 241 69
86 115 8 6 16 68
86 118 6 4 410 240
86 121 9 2 465 245
86 122 8 10 105 183
86 123 3 7 458 433
86 125 10 4 240 187
86 127 4 2 299 21
86 128 5 4 478 285
86 133 6 7 451 418
86 138 5 6 469 462
86 141 7 6 459 64
86 143 9 3 380 313
86 144 2 16 476 161
86 146 9 5 410 147
87 121 1 17 492 369
87 135 14 3 476 434
87 143 8 10 128 206
87 144 10 9 169 18
87 146 6 10 307 92
87 165 2 19 477 365
88 113 2 5 242 284
88 116 2 11 238 189
88 117 6 4 131 126
88 118 9 2 25 16
88 120 6 4 218 472
88 121 13 7 206 366
88 138 2 11 494 162
88 143 8 9 142 275
88 149 6 8 465 327
88 160 9 5 426 110
88 166 9 17 49 36
89 118 2 1 220 316
89 121 5 4 416 9
89 123 9 8 115 413
89 124 1 13 469 253
89 126 7 4 217 319
89 127 6 5 132 30
89 128 2 3 219 368
89 129 7 1 43 143
89 135 8 5 500 75
89 138 3 8 452 483
89 143 5 3 274 171
90 121 5 4 53 262
90 133 7 6 448 416
90 138 5 5 433 237
90 144 1 10 178 196
90 160 9 5 425 382
90 165 9 5 401 376
90 171 7 3 331 482
91 118 9 2 14 462
91 120 20 8 156 214
91 133 9 9 232 233
91 143 3 3 454 412
91 144 5 2 177 250
91 146 9 5 407 205
91 165 3 12 500 408
91 169 15 9 143 254
91 171 4 7 248 28
92 146 6 7 435 231
92 147 10 8 228 202
92 157 4 10 454 239
92 158 7 7 370 300
92 159 3 13 464 126
92 162 2 19 475 187
92 164 2 18 500 3
92 165 4 9 499 352
92 167 2 18 497 22
92 168 8 5 447 311
92 171 10 8 223 403
93 133 4 6 4 3
93 143 9 3 151 135
93 171 2 2 36 6
107 39 13 18 106 484
107 40 5 9 480 210
107 44 2 6 135 235
107 45 19 3 46 303
107 47 4 5 3 163
107 48 3 15 478 237
107 52 3 16 447 472
108 44 4 3 211 345
109 43 8 1 127 188
109 47 1 2 123 295
110 45 7 8 385 195
111 44 2 8 248 138
111 45 3 15 480 274
111 47 2 4 225 80
111 48 6 5 455 203
112 43 12 15 97 281
113 43 7 3 373 163
113 45 3 15 481 67
114 44 1 8 498 61
115 43 8 3 375 384
115 47 9 2 130 175
115 50 8 7 150 129
115 51 2 2 249 92
115 52 1 8 124 303
115 54 7 5 215 182
116 39 9 8 125 145
116 42 10 5 217 403
116 44 9 7 134 252
116 47 16 3 458 103
116 48 2 11 493 127
116 49 4 6 451 114
116 51 8 2 200 452
117 39 10 3 478 235
117 41 6 3 42 411
117 43 5 9 209 258
117 44 5 8 236 277
117 45 6 7 225 483
117 47 10 7 206 63
117 50 8 7 258 131
117 51 4 8 271 94
118 40 4 1 194 317
118 42 8 8 75 314
118 46 7 9 137 128
118 47 6 7 259 328
119 53 4 2 234 198
120 39 4 8 448 420
120 43 7 7 211 258
121 39 9 8 199 122
121 44 3 11 466 349
121 45 7 10 311 56
121 51 2 9 481 205
121 53 5 9 166 88
122 39 7 5 409 94
122 48 7 4 486 291
122 53 7 7 152 311
123 43 4 6 431 166
123 47 8 8 170 499
123 51 3 6 478 457
124 41 7 6 224 469
124 44 7 6 225 13
124 47 7 6 319 342
124 48 8 9 187 120
124 51 9 5 191 466
124 53 9 2 404 79
125 43 2 11 471 396
125 51 2 9 477 371
125 53 4 8 227 194
126 48 1 7 436 195
126 51 10 2 429 20
126 53 6 4 302 299
127 43 10 5 60 392
127 46 8 10 38 43
127 48 2 4 381 480
127 51 8 8 134 478
127 53 7 3 344 238
128 39 8 5 205 113
128 41 8 5 214 480
128 44 10 7 164 141
128 49 4 8 267 416
128 52 2 9 473 337
128 53 4 4 451 481
129 39 4 2 189 383
129 40 4 5 231 222
129 42 7 10 67 253
129 44 8 2 294 495
129 46 1 15 489 419
129 53 9 9 89 242
130 39 8 2 94 283
130 48 6 4 54 313
130 51 1 9 98 70
131 51 5 2 39 317
131 53 2 3 68 138
132 39 1 6 202 213
132 48 7 4 17 460
133 45 7 4 233 142
133 50 3 4 48 277
133 52 8 2 141 446
178 77 8 3 386 350
179 80 6 6 100 448
180 80 8 9 171 318
180 82 2 9 132 145
180 86 5 7 264 435
181 86 9 9 115 320
182 80 2 13 475 265
182 86 9 9 116 26
183 81 2 2 135 313
183 82 3 13 467 357
183 86 5 6 314 396
183 87 1 7 145 17
184 80 5 5 463 341
185 82 6 8 381 430
186 82 9 7 291 236
187 80 7 4 446 487
187 86 5 9 211 74
188 77 9 3 339 383
188 80 4 8 391 372
189 80 2 13 482 133
189 86 6 6 264 231
190 78 5 2 46 124
190 82 4 10 461 455
190 83 8 8 8 281
190 89 2 1 355 178
191 80 8 8 196 25
191 82 7 6 468 330
191 86 9 4 265 9
192 86 2 10 478 298
193 80 8 5 314 49
194 77 3 2 129 370
194 79 8 6 133 35
194 81 4 9 183 233
194 82 5 8 494 265
194 83 10 8 216 331
194 87 4 9 481 310
195 79 1 20 493 461
195 80 4 10 316 485
195 82 2 20 495 330
195 83 5 6 327 286
195 84 2 10 490 487
195 85 5 5 449 158
195 86 8 8 153 94
195 87 5 9 400 238
196 82 6 7 472 231
196 83 10 3 370 210
197 77 7 9 145 226
197 79 6 13 40 15
197 81 2 17 483 234
197 83 6 8 188 86
197 87 8 4 464 352
198 77 2 7 76 404
198 86 3 7 467 262
200 80 6 6 353 220
201 77 8 9 126 159
202 77 5 10 351 236
202 78 1 7 37 485
202 79 2 4 396 388
202 82 6 9 116 497
202 85 8 7 200 188
202 87 3 4 166 330
203 77 9 7 132 374
203 84 8 4 378 494
203 87 8 4 463 449
204 77 6 4 346 6
204 79 8 10 178 401
204 83 6 4 462 6
204 84 5 5 483 339
204 87 2 15 493 45
205 77 8 3 345 335
205 79 2 15 473 130
206 79 4 8 443 446
206 81 10 5 328 77
206 85 3 8 405 365
206 87 5 6 491 159
207 84 4 7 428 478
207 85 2 10 485 458
207 87 4 8 460 417
208 80 4 1 158 162
208 81 3 2 468 351
208 82 10 3 203 431
208 83 4 4 381 363
208 84 7 4 427 6
208 86 3 4 60 444
208 87 6 8 306 235
208 88 7 3 291 82
209 87 9 9 181 88
210 77 4 9 228 200
210 79 10 7 202 27
210 81 8 9 156 1
210 85 1 20 478 247
210 87 2 10 323 381
211 79 10 6 167 91
211 81 8 2 384 265
211 83 2 12 461 88
211 84 7 20 308 419
211 85 4 8 94 340
211 87 4 9 179 165
212 77 8 4 254 375
212 85 2 10 476 195
212 87 2 8 401 416
213 77 5 4 406 331
213 79 7 5 232 350
213 80 1 8 99 228
213 82 5 5 246 495
213 83 9 8 153 297
213 85 4 6 396 4
214 77 6 3 451 135
214 79 2 9 450 89
214 84 2 12 493 185
214 87 4 9 98 346
215 81 2 8 367 405
215 83 7 8 151 66
215 84 10 6 197 249
215 87 9 5 78 137
216 76 3 2 466 351
216 77 5 7 231 467
216 79 5 4 404 298
216 85 2 10 450 410
216 86 5 1 247 156
216 89 8 2 277 152
217 79 2 9 448 291
217 84 2 7 500 304
217 85 3 6 499 278
217 87 8 1 434 195
217 89 5 4 134 117
218 79 10 5 161 153
218 84 8 8 87 406
218 87 2 4 433 406
219 77 2 9 446 312
219 83 3 6 442 254
219 84 5 2 408 58
219 85 9 5 199 62
219 93 5 4 243 189
219 94 5 4 139 359
220 77 6 3 445 139
220 79 2 9 445 67
220 80 20 2 318 324
220 83 3 6 441 157
220 84 3 9 151 199
220 85 5 2 285 169
220 93 5 7 172 246
221 79 8 7 143 438
221 81 1 12 485 207
221 84 5 10 81 318
221 85 9 2 158 337
222 81 6 8 121 73
222 84 8 10 124 445
222 85 1 1 183 48
222 86 9 10 102 486
222 87 5 10 133 58
222 91 5 14 96 464
222 93 3 5 402 265
222 95 6 6 445 390
222 99 8 10 200 70
223 79 4 3 119 430
223 80 2 5 451 255
223 82 1 4 167 368
223 84 2 7 271 56
223 87 6 3 181 24
223 88 7 4 116 258
224 93 8 5 499 17
225 94 6 4 226 305
226 93 2 20 500 392
226 94 9 2 302 78
227 97 5 2 127 149
228 93 8 8 313 282
228 94 16 3 443 311
229 93 3 18 371 217
229 99 3 8 329 454
230 93 5 9 452 45
230 94 8 5 176 262
230 161 9 3 477 126
230 169 6 2 97 332
231 100 6 7 163 371
231 164 3 8 449 255
231 167 7 6 256 496
231 177 2 5 386 223
231 178 3 6 214 249
231 180 4 9 20 108
231 181 10 9 219 426
232 93 8 7 364 29
232 94 7 4 252 349
232 99 5 9 175 469
232 161 8 9 148 215
232 167 5 5 431 60
232 169 8 3 96 235
232 170 7 7 449 249
232 172 6 7 139 273
232 174 4 10 145 227
232 175 3 2 446 207
232 179 5 4 86 484
232 180 7 3 81 386
232 181 9 5 439 42
233 93 9 5 453 14
233 97 3 7 498 206
233 163 9 3 367 331
233 169 9 5 52 62
233 170 4 11 499 179
233 172 9 7 355 183
233 173 1 20 498 75
233 176 2 6 192 363
233 177 8 4 211 272
233 181 8 8 309 215
234 93 3 14 486 291
234 97 2 11 475 212
234 161 8 4 402 353
234 167 2 11 491 88
234 181 10 9 220 193
235 94 2 1 242 51
235 97 3 7 497 362
235 160 6 5 220 368
235 162 5 10 169 325
235 164 6 3 471 172
235 165 6 4 354 280
235 167 7 4 386 6
235 177 4 6 281 251
236 93 2 1 203 491
236 96 1 7 90 174
236 98 5 9 19 432
236 160 12 8 86 222
236 167 4 6 451 305
236 170 10 5 439 396
236 173 6 6 227 408
236 175 2 9 451 286
236 176 1 6 340 469
236 178 2 9 27 21
236 180 7 3 23 341
236 181 5 10 397 388
237 92 7 1 312 154
237 93 2 5 218 330
237 100 7 3 324 323
238 93 5 20 263 90
238 97 5 10 208 459
238 99 8 6 124 448
238 100 9 2 33 288
238 159 6 2 415 17
238 160 8 9 202 393
238 161 6 5 428 213
238 162 6 5 485 403
238 164 8 4 456 120
238 170 2 15 490 6
238 181 7 9 316 263
239 97 1 10 457 370
239 177 1 14 480 372
239 181 3 14 475 255
240 97 3 4 380 401
240 162 2 5 405 381
240 175 5 5 486 44
240 177 1 14 479 243
241 97 7 3 217 477
241 99 7 7 159 379
241 100 2 3 194 330
241 159 8 10 62 172
241 161 8 9 178 410
241 162 2 5 404 158
241 177 9 8 93 343
242 99 2 9 432 379
242 159 4 8 154 30
242 161 8 10 160 184
242 170 9 9 249 399
242 172 5 9 447 18
243 94 9 4 115 279
243 95 6 2 244 64
243 96 5 5 117 225
243 99 2 9 431 116
243 100 7 3 322 423
243 159 9 2 272 398
243 169 5 9 133 487
243 170 9 6 373 300
243 172 10 5 402 120
243 173 3 14 478 313
243 175 8 4 167 118
243 176 2 2 139 234
243 177 1 7 474 211
243 179 1 8 478 226
244 100 5 9 150 134
244 159 1 10 473 500
244 160 6 5 179 24
244 162 1 7 198 147
244 163 3 8 224 399
244 164 2 4 169 98
244 167 6 5 489 489
244 170 9 5 194 245
244 171 8 7 98 453
244 178 7 9 88 186
244 181 9 8 278 149
245 99 15 8 82 78
245 100 6 2 221 320
245 170 1 5 455 124
245 177 9 7 105 96
246 95 5 8 97 110
246 96 6 3 215 196
246 97 3 7 184 124
246 98 3 2 47 237
246 99 9 7 122 40
246 159 4 1 487 100
246 161 7 8 103 158
246 162 9 1 150 125
246 170 1 10 227 312
246 172 2 11 479 346
246 177 4 10 164 67
247 97 6 1 246 274
247 99 8 8 113 195
247 159 3 6 108 244
248 100 6 2 217 400
248 162 3 1 11 382
248 170 9 1 114 442
248 172 5 5 413 230
248 174 2 11 468 116
248 176 2 11 467 266
248 177 8 6 214 200
248 180 6 9 7 436
249 93 2 5 220 284
249 95 10 2 114 111
249 169 12 5 143 105
