640 250 1000
23 94 10 4 414 359
23 103 8 1 181 378
23 106 9 4 458 430
23 111 2 20 411 312
23 112 7 5 469 166
23 113 6 6 455 135
23 114 10 4 409 85
23 116 10 10 163 405
23 117 6 3 140 397
23 119 2 9 139 30
23 121 4 4 140 56
23 124 6 1 158 52
23 126 1 5 118 230
23 131 10 4 244 224
23 138 5 1 15 104
24 93 2 5 219 357
24 128 8 2 33 392
24 129 8 1 185 19
24 130 9 8 201 369
24 132 2 15 484 410
24 133 4 8 454 393
24 134 9 8 202 17
24 136 4 8 455 421
24 137 2 15 486 233
24 139 7 8 262 329
24 141 5 6 491 100
24 142 9 4 410 361
24 144 4 8 463 363
24 145 10 3 494 247
24 146 7 5 424 251
24 147 6 5 495 478
24 152 9 6 111 341
24 156 5 6 140 351
24 159 12 3 413 363
25 101 9 6 239 394
25 110 9 3 477 211
25 112 3 9 474 310
25 113 5 1 68 32
25 114 2 13 492 132
25 115 10 3 426 435
25 116 8 5 319 278
25 118 6 5 424 80
25 119 8 4 397 240
25 121 2 13 487 352
25 122 10 5 253 268
25 123 8 10 158 219
25 124 2 6 244 136
25 125 5 5 117 207
25 128 5 2 185 24
25 137 6 8 175 116
25 138 3 9 128 353
25 146 4 8 464 210
25 148 7 5 239 92
25 151 8 6 174 398
25 152 9 3 227 442
25 153 9 3 226 60
25 154 2 7 141 493
25 160 4 1 318 266
25 161 5 2 127 409
26 84 7 3 28 278
26 86 9 2 165 248
26 87 3 6 166 321
26 88 9 5 177 150
26 89 2 8 498 64
26 92 9 2 445 87
26 93 8 4 251 242
26 94 2 9 447 145
26 95 5 5 322 183
26 96 4 5 403 211
26 98 9 5 228 470
26 99 10 3 343 475
26 102 2 11 469 144
26 105 6 4 128 94
26 113 6 9 61 162
26 134 5 6 486 432
26 138 1 7 494 231
26 146 3 10 495 88
26 152 8 6 128 306
27 93 8 3 478 218
27 113 2 4 412 442
27 131 4 10 364 105
27 134 9 7 232 282
27 138 5 2 346 409
27 146 2 15 496 452
27 152 2 7 439 398
28 93 8 7 205 499
28 127 6 9 268 240
28 134 8 4 488 364
28 135 5 6 480 314
28 138 4 8 198 402
28 145 10 3 478 305
28 146 5 9 331 438
28 151 2 15 477 43
28 154 7 5 407 38
28 155 2 15 474 321
28 158 6 8 294 468
28 160 9 5 313 19
28 161 7 9 223 324
28 163 8 1 112 473
29 93 2 12 479 199
29 105 13 3 402 254
29 113 8 9 122 411
29 128 4 5 377 247
29 131 4 9 406 311
29 134 2 16 489 140
29 138 9 5 141 220
29 146 4 8 466 264
29 152 6 3 343 102
29 153 10 3 496 24
30 93 7 8 206 169
30 113 6 6 245 155
30 128 9 6 140 100
30 134 6 7 373 285
30 138 9 2 353 175
30 152 8 5 155 462
30 156 8 7 254 151
31 93 8 9 161 137
31 113 8 3 368 410
31 131 4 8 458 4
31 152 9 2 345 272
32 99 7 6 478 12
32 128 3 10 461 12
32 131 7 5 419 388
32 134 2 16 491 220
32 138 1 13 493 18
32 146 10 7 214 14
32 152 7 4 222 338
32 156 2 15 476 51
33 93 6 5 388 369
33 96 9 2 368 232
33 97 4 6 72 342
33 99 6 5 24 432
33 105 8 5 165 224
33 106 2 9 319 289
33 108 6 8 269 452
33 110 2 6 470 347
33 111 2 6 469 259
33 115 3 10 186 84
33 116 5 5 222 385
33 120 9 9 68 61
33 121 2 6 453 67
33 122 3 8 226 82
33 124 6 9 100 232
33 126 7 9 4 41
33 128 5 6 462 328
33 130 7 4 22 164
33 131 5 7 420 50
33 132 2 6 96 318
33 133 1 5 231 447
33 135 5 8 151 318
33 136 2 7 432 423
33 138 3 8 268 149
33 139 4 10 152 228
33 140 9 5 188 113
33 141 2 9 471 189
33 142 9 2 472 409
33 145 6 2 217 349
33 152 1 13 479 341
33 156 14 3 341 375
34 93 4 7 416 305
34 128 5 6 463 446
34 131 6 10 246 257
34 138 9 4 183 357
34 144 5 7 313 80
35 84 10 1 180 415
35 86 4 5 207 146
35 87 7 2 296 422
35 95 3 9 460 34
35 96 2 16 408 393
35 97 4 8 409 25
35 98 2 18 403 175
35 99 4 8 454 4
35 102 8 7 260 216
35 103 7 5 417 431
35 104 2 15 491 479
35 108 6 5 430 273
35 111 10 4 369 47
35 113 7 6 214 64
35 117 6 5 493 374
35 125 7 7 87 116
35 128 2 16 435 415
35 134 9 9 195 500
35 138 2 7 471 328
35 144 4 7 390 292
35 146 2 16 470 482
35 151 7 9 255 218
35 152 10 9 232 278
35 156 8 5 359 155
36 85 1 1 88 286
36 86 7 6 241 351
36 88 6 7 242 2
36 90 7 9 162 338
36 92 9 3 379 236
36 93 5 6 413 320
36 95 5 6 343 190
36 96 6 9 191 308
36 97 8 3 430 59
36 100 2 11 471 375
36 101 4 6 432 261
36 102 9 8 145 423
36 103 3 9 387 254
36 106 7 7 234 305
36 107 3 8 478 88
36 108 2 12 479 195
36 113 7 6 215 157
36 128 5 8 349 263
36 134 4 10 395 144
36 138 9 2 367 464
36 146 2 16 471 462
36 152 3 14 498 490
36 156 7 5 411 130
37 97 7 6 462 134
37 98 6 5 403 334
37 99 6 7 477 292
37 113 8 5 226 128
37 131 9 4 419 2
37 134 10 4 396 494
37 138 5 9 147 201
37 146 3 11 457 253
37 152 7 6 499 371
37 156 6 5 480 156
38 108 9 10 143 438
38 113 7 9 144 121
38 128 7 7 286 163
38 138 1 14 473 96
38 146 7 5 431 313
38 149 1 2 94 471
38 154 1 20 478 141
38 155 5 4 477 400
38 156 2 19 379 219
38 158 8 6 197 417
38 159 4 5 472 260
38 160 9 3 349 295
38 163 2 4 160 238
39 93 9 5 276 226
39 97 6 7 461 187
39 113 2 10 454 83
39 130 5 4 450 464
39 134 3 11 481 311
39 144 8 3 454 357
39 145 2 18 417 181
40 87 5 8 158 249
40 88 4 10 159 24
40 89 10 8 80 407
40 91 4 4 401 122
40 92 10 4 161 302
40 93 4 8 389 111
40 94 7 4 231 25
40 97 1 13 500 91
40 100 3 5 435 188
40 101 2 7 467 32
40 106 4 8 451 377
40 128 2 15 491 80
40 129 3 2 129 198
40 130 1 7 237 114
40 132 3 2 277 349
40 133 4 6 186 392
40 134 7 8 284 229
40 135 6 7 291 148
40 136 5 5 489 212
40 138 3 9 454 421
40 139 6 5 409 261
40 140 6 5 410 303
40 142 9 6 229 329
40 143 8 4 387 186
40 145 5 10 300 355
40 152 8 6 438 429
41 87 20 4 215 436
41 93 3 9 462 160
41 98 7 4 428 231
41 110 6 3 303 209
41 114 5 9 121 154
41 117 4 12 473 446
41 118 6 8 112 358
41 120 6 7 127 106
41 121 5 8 133 123
41 124 4 9 117 28
41 128 2 15 492 418
41 131 13 3 414 277
41 134 5 10 319 18
41 145 8 4 468 388
41 146 4 9 447 216
41 149 7 5 459 327
41 153 4 8 497 172
41 154 3 11 481 64
41 157 10 2 431 192
41 160 6 6 238 412
41 161 1 7 242 477
41 162 3 2 103 285
42 103 5 9 446 289
42 115 6 6 467 371
42 131 4 3 88 11
42 136 2 17 487 432
42 142 7 4 493 48
42 146 2 17 474 8
42 149 2 12 468 162
42 151 5 7 450 272
42 152 4 11 479 243
42 154 3 8 231 417
42 158 2 5 262 71
42 159 2 9 145 334
42 162 2 3 433 29
42 163 9 2 144 303
43 88 8 7 243 208
43 97 10 4 484 182
43 105 2 16 489 62
43 113 7 9 145 238
43 114 3 3 431 253
43 115 6 6 466 387
43 116 6 4 481 294
43 117 1 10 385 239
43 118 1 8 480 3
43 119 9 2 213 116
43 120 2 4 478 382
43 123 6 1 335 333
43 126 4 3 167 49
43 130 9 4 249 429
43 134 3 11 485 357
43 138 3 9 455 453
43 145 4 8 467 311
43 146 2 17 475 201
43 151 8 7 281 307
43 152 8 6 440 314
43 153 9 4 412 201
44 93 4 7 446 338
44 98 7 9 190 412
44 105 8 4 488 443
44 106 4 8 449 370
44 112 2 17 474 305
44 117 3 16 472 336
45 106 3 10 478 290
45 113 2 10 457 219
45 115 5 9 372 299
45 117 3 19 397 466
45 130 8 3 373 94
45 136 8 5 412 387
45 145 3 10 498 385
45 146 8 5 404 16
45 151 7 7 320 250
46 86 7 6 165 187
46 87 6 9 129 141
46 90 6 6 498 95
46 93 9 5 441 157
46 94 6 7 473 220
46 95 5 8 497 104
46 96 5 8 498 425
46 97 2 20 499 166
46 98 4 10 500 53
46 101 1 6 77 442
46 102 8 8 313 79
46 103 3 14 477 127
46 104 7 6 478 433
46 106 9 4 398 391
46 110 5 9 448 56
46 112 2 17 473 488
46 115 3 12 464 89
46 117 3 14 482 131
46 131 6 6 465 284
46 136 9 9 203 451
46 144 9 10 121 215
46 145 10 3 497 303
46 151 9 9 193 431
46 153 5 6 493 393
46 156 3 4 481 441
46 157 8 10 72 137
46 159 7 4 141 96
46 160 7 4 140 75
46 162 2 8 244 264
46 163 6 8 81 256
47 98 2 8 454 30
47 106 2 15 477 403
47 112 9 8 223 390
47 117 9 5 423 442
47 128 6 7 352 273
47 130 3 9 148 61
47 136 3 11 496 31
47 144 1 16 500 174
47 151 8 7 278 385
48 90 2 18 481 86
48 98 3 8 302 108
48 99 3 8 381 27
48 103 6 7 273 319
48 105 7 5 436 441
48 106 2 15 476 65
48 108 2 13 494 418
48 112 7 8 286 336
48 115 9 9 206 31
48 116 5 9 255 376
48 131 4 10 419 32
48 136 9 4 454 102
48 144 2 8 499 180
48 145 5 7 424 454
48 153 3 10 492 427
49 93 8 5 497 85
49 95 10 8 113 7
49 97 2 20 483 478
49 98 1 15 483 281
49 99 10 2 456 429
49 100 1 7 54 205
49 103 2 12 476 421
49 106 9 9 176 234
49 108 6 5 428 111
49 109 2 13 497 164
49 110 8 4 168 253
49 111 5 6 179 242
49 112 3 11 485 248
49 113 5 2 429 191
49 115 9 7 176 269
49 116 5 5 150 360
49 118 8 5 93 478
49 119 2 10 185 258
49 120 4 3 146 347
49 121 6 1 165 130
49 122 6 2 82 273
49 124 2 1 473 349
49 136 10 7 233 191
49 144 6 4 332 467
49 145 2 15 494 369
49 153 2 15 491 110
50 90 5 7 493 370
50 98 2 8 452 16
50 99 2 10 455 87
50 106 4 8 444 102
50 112 4 8 500 458
50 134 8 5 485 21
50 136 10 9 181 345
50 145 6 5 493 287
50 146 1 7 3 237
50 152 5 6 491 170
50 153 2 15 490 45
50 156 2 15 488 346
50 159 9 5 243 352
50 160 2 9 117 325
50 162 4 5 65 227
51 90 9 9 213 58
51 97 10 4 482 20
51 98 9 5 157 493
51 99 5 4 454 188
51 103 3 7 466 241
51 105 3 10 473 393
51 108 2 13 493 327
51 109 2 20 322 127
51 116 7 4 409 438
51 117 6 7 445 455
51 130 7 3 426 90
51 144 3 8 289 407
51 151 3 11 470 285
52 90 6 6 478 496
52 97 4 10 481 324
52 99 9 8 126 163
52 103 3 7 465 100
52 105 3 10 472 483
52 106 6 5 472 255
52 108 2 13 492 485
52 109 7 9 204 289
52 112 2 16 498 132
52 116 2 14 408 419
52 117 5 8 467 206
52 129 6 4 136 452
52 130 6 6 248 492
52 131 9 6 166 229
52 133 3 6 499 193
52 135 1 18 500 57
52 136 3 7 429 102
52 137 2 10 451 417
52 138 1 19 475 44
52 139 3 7 430 469
52 141 3 9 335 477
52 142 3 7 431 475
52 143 1 19 477 361
52 144 2 7 494 315
52 145 9 9 125 480
52 147 4 10 227 317
52 148 4 5 455 208
53 90 10 9 191 328
53 92 11 2 443 225
53 99 5 4 453 245
53 104 5 7 278 426
53 105 8 4 442 282
53 106 2 15 471 149
53 109 9 7 203 93
53 111 2 10 483 168
53 112 2 16 497 4
53 114 7 9 152 29
53 115 2 10 478 109
53 116 5 4 500 139
53 117 3 13 478 346
53 118 7 5 272 310
53 122 8 5 237 275
53 124 2 8 186 38
53 125 2 1 116 450
53 144 7 3 329 135
53 145 6 6 233 83
53 151 9 8 215 277
54 93 10 4 498 42
54 100 6 5 475 322
54 102 10 9 158 266
54 103 2 7 497 460
54 104 2 15 472 100
54 105 5 6 471 374
54 107 8 4 399 290
54 108 3 9 472 479
54 109 9 7 202 394
54 110 7 10 181 238
54 112 2 17 467 291
54 114 2 8 494 15
54 115 1 16 493 227
54 116 6 8 208 198
54 119 5 5 163 67
54 120 3 3 200 111
54 121 1 9 148 354
54 122 7 9 21 311
54 130 3 4 447 153
54 136 2 8 468 324
54 138 7 4 440 339
54 144 10 5 138 353
54 153 9 3 303 215
55 97 9 9 229 133
55 98 4 4 438 57
55 99 2 10 452 339
55 103 2 7 492 487
55 106 5 6 211 382
55 108 4 2 479 84
55 109 7 7 113 204
55 112 5 7 453 109
55 115 8 7 101 220
55 116 9 3 368 69
55 117 2 19 489 288
55 128 3 10 494 480
55 129 6 4 194 412
55 132 3 5 461 460
55 134 4 8 233 235
55 137 6 3 416 324
55 138 2 8 469 86
55 139 1 16 470 472
55 140 10 6 126 296
55 141 9 5 172 323
55 143 8 8 130 269
55 146 10 6 206 229
55 149 10 3 413 200
56 106 2 7 452 470
56 108 8 2 239 37
56 109 5 6 184 263
56 115 9 4 156 301
56 117 7 6 442 115
56 144 9 2 379 328
56 151 4 8 481 485
57 90 4 9 115 267
57 98 8 2 437 154
57 103 2 7 491 452
57 105 1 4 394 230
57 108 6 3 212 442
57 115 5 2 345 332
57 116 8 3 413 473
57 117 3 13 475 307
57 130 2 5 407 221
57 144 5 3 454 172
57 145 4 6 285 61
57 148 7 3 389 36
57 152 1 17 479 259
57 153 4 6 339 410
57 154 4 8 254 242
57 155 1 17 477 178
57 157 5 9 140 471
57 158 5 8 157 138
57 159 1 13 483 104
57 160 1 13 482 83
57 162 2 9 168 323
58 90 6 2 281 488
58 98 9 8 97 375
58 105 1 7 225 27
58 106 3 3 244 184
58 108 2 4 201 267
58 109 7 5 67 51
58 112 4 8 494 272
58 115 10 2 172 454
58 117 2 19 487 105
58 129 5 4 19 41
58 132 3 9 202 352
58 134 8 11 497 457
58 135 5 3 365 88
58 138 9 3 248 428
58 139 1 14 479 192
58 140 5 5 269 389
58 141 8 9 94 22
58 142 2 7 484 467
58 144 2 7 486 392
58 153 4 2 158 65
59 84 6 2 193 307
59 87 3 5 439 249
59 90 8 6 243 51
59 92 2 12 488 25
59 93 2 12 489 158
59 94 2 12 490 146
59 95 4 6 491 101
59 97 9 10 133 278
59 99 4 6 500 47
59 100 2 13 462 481
59 101 8 4 486 8
59 102 8 4 487 362
59 103 2 16 488 118
59 104 6 6 434 298
59 106 4 8 489 422
59 107 7 8 280 477
59 108 7 5 449 375
59 109 2 16 492 191
59 112 8 4 493 75
59 115 2 9 87 54
59 117 9 9 228 170
59 136 10 6 107 252
59 151 8 8 239 480
59 153 4 3 105 8
60 90 5 4 168 301
60 97 8 2 118 143
60 98 6 6 192 71
60 106 5 3 146 144
60 113 7 7 197 281
60 116 8 4 42 94
60 144 8 7 52 477
60 145 2 1 209 128
61 90 10 6 251 305
61 106 4 2 167 392
61 113 7 5 428 63
61 114 2 15 499 182
61 115 4 8 467 213
61 116 9 4 415 20
61 122 9 4 412 69
61 126 2 5 11 392
126 164 8 9 154 20
126 168 7 9 175 174
126 182 5 3 449 491
126 183 4 6 280 191
126 185 8 2 419 71
126 187 7 5 173 361
126 190 6 2 389 14
126 192 3 9 85 216
127 192 5 4 163 310
129 168 7 3 459 491
129 181 6 7 498 419
129 183 7 6 497 458
129 187 7 6 493 68
129 188 3 14 492 309
129 189 3 14 491 10
129 190 10 9 229 408
129 191 5 7 493 110
129 192 10 7 246 17
129 194 9 3 121 361
130 165 6 8 195 298
130 167 3 10 313 232
130 168 2 10 482 117
130 170 6 4 393 302
130 171 5 4 472 244
130 173 4 5 473 107
130 175 8 3 397 249
130 176 8 7 171 49
130 187 9 7 153 474
130 190 7 6 491 38
130 192 7 5 493 104
131 168 2 10 483 49
131 171 9 3 488 2
131 177 2 4 125 74
131 180 6 5 439 452
131 183 2 14 470 95
131 184 10 9 146 166
131 185 6 5 435 413
131 187 2 16 406 337
131 188 9 3 481 99
131 189 7 4 463 329
131 190 6 7 492 480
131 191 8 7 231 245
132 165 5 1 2 313
132 167 9 5 38 175
132 168 3 7 461 122
132 172 9 3 230 189
132 173 10 7 248 295
132 174 6 10 290 300
132 175 2 20 436 435
132 176 4 9 485 25
132 177 2 18 486 1
132 179 2 18 488 81
132 183 8 5 440 364
132 186 10 8 221 378
132 188 10 3 168 357
132 190 3 16 431 44
132 192 6 8 369 9
133 165 1 1 127 391
133 167 9 8 149 186
133 168 3 8 448 68
133 172 5 5 432 463
133 181 9 8 196 428
133 183 2 11 495 331
133 188 9 7 183 134
133 191 5 5 461 445
133 192 10 7 254 295
133 193 10 8 242 215
134 168 2 11 489 104
134 190 8 6 432 34
135 166 1 3 53 302
135 167 6 8 110 248
135 168 2 11 490 248
135 169 4 6 239 480
135 170 2 6 479 273
135 173 9 2 321 366
135 174 2 8 362 356
135 176 4 3 483 424
135 178 3 4 484 443
135 191 5 8 288 157
136 168 6 4 450 113
136 169 4 7 484 202
136 190 4 11 475 268
137 173 8 4 446 416
137 181 8 7 251 171
137 188 1 8 224 234
137 192 7 6 424 324
138 167 6 3 121 385
138 168 9 9 177 141
138 169 7 5 410 451
138 170 8 4 449 5
138 171 5 6 488 141
138 172 10 9 163 140
138 173 2 15 490 79
138 191 4 6 478 121
138 192 2 18 495 345
139 173 2 14 496 278
140 166 5 4 125 15
140 167 6 9 77 106
140 168 2 5 416 134
140 169 9 7 214 493
140 170 2 14 482 77
140 171 8 4 422 135
140 172 6 7 322 46
140 173 7 4 484 169
140 174 9 8 189 222
140 175 3 10 454 246
140 176 2 14 487 71
140 179 9 8 190 15
140 188 9 8 191 216
140 194 6 7 328 420
141 181 8 8 219 460
141 191 8 3 475 103
142 166 2 1 223 227
142 167 4 1 112 314
142 168 6 3 52 44
142 174 4 7 476 490
142 175 6 7 318 183
142 176 6 5 446 281
142 181 9 9 173 287
142 184 6 5 447 400
142 186 7 8 240 53
142 191 10 3 379 9
143 169 2 13 474 137
143 177 1 17 489 202
143 183 7 5 236 464
143 184 1 10 463 160
143 185 4 4 289 7
143 187 7 3 192 77
143 188 10 2 201 298
143 189 4 3 334 216
144 169 7 8 220 200
144 171 4 6 479 342
144 173 7 3 50 283
144 175 6 4 478 416
144 176 6 7 273 127
144 182 4 7 409 191
144 186 9 5 254 404
144 188 2 12 475 387
144 190 10 5 227 259
144 193 4 7 121 70
224 122 7 9 237 459
224 127 14 3 259 340
224 129 3 7 211 419
224 138 5 2 60 3
224 141 7 9 172 230
224 142 1 2 167 11
224 144 2 11 491 304
224 146 2 7 459 306
224 147 4 5 321 221
224 148 8 5 160 325
224 155 3 7 165 110
225 121 10 6 225 255
225 123 13 3 496 399
225 136 1 2 94 406
225 141 6 9 221 43
225 156 7 2 224 187
226 129 3 3 493 235
226 136 8 9 154 354
226 138 7 4 218 424
226 140 3 3 391 74
226 141 9 5 266 295
226 145 2 8 217 180
226 147 6 5 115 405
226 148 6 8 70 421
226 150 3 3 372 476
226 153 6 7 61 381
226 154 2 9 14 54
227 123 8 7 187 159
227 126 11 3 317 248
227 129 1 9 494 119
227 136 7 8 199 113
227 137 10 6 174 366
227 138 5 7 297 69
227 141 8 9 167 94
227 142 10 2 176 57
227 144 10 6 172 416
227 148 2 11 464 142
227 149 6 6 283 96
227 150 4 6 423 203
227 151 6 10 169 265
227 153 8 7 180 488
227 154 2 2 176 40
227 156 4 4 214 287
228 121 2 1 241 477
228 122 5 6 500 486
228 124 7 3 118 381
228 126 3 8 124 385
228 128 5 2 299 121
228 129 2 5 445 79
228 132 5 10 196 136
228 133 2 10 491 367
228 136 2 12 465 88
228 137 8 6 210 220
228 138 9 6 193 336
228 149 6 8 213 360
228 153 2 16 316 120
228 156 3 4 286 99
229 122 3 11 477 298
229 129 6 2 371 436
229 130 8 3 481 18
229 138 3 8 480 225
229 139 3 8 479 145
229 141 3 9 479 79
229 142 7 6 273 180
229 144 4 6 476 422
229 145 9 3 423 278
229 147 4 6 473 421
229 148 6 8 236 70
229 149 2 11 465 104
229 152 1 3 334 384
229 154 2 2 27 268
229 156 8 6 166 374
230 129 8 7 148 295
230 136 4 8 350 9
230 138 2 12 481 298
230 141 2 13 498 344
230 149 2 11 466 70
230 153 5 5 406 266
231 120 8 5 318 92
231 129 4 8 260 246
231 136 5 8 281 100
231 141 2 13 499 253
231 142 1 10 5 150
231 149 6 5 342 204
231 156 2 8 500 63
232 138 10 3 386 495
232 142 5 7 328 107
232 149 2 11 467 9
232 153 8 9 224 117
232 156 2 9 445 370
233 122 5 7 462 244
233 129 7 7 232 104
233 141 6 5 442 160
233 156 8 3 355 287
234 125 3 7 429 306
234 126 3 10 475 481
234 128 2 10 453 153
234 129 5 5 455 61
234 132 8 4 285 322
234 134 4 5 472 116
234 135 4 6 394 166
234 142 5 5 460 384
234 148 12 4 198 88
234 149 4 6 430 399
234 156 3 6 474 114
235 121 5 6 449 298
235 126 5 6 474 296
235 141 2 14 475 294
236 122 4 9 452 271
236 124 6 10 179 295
236 126 5 6 473 342
236 128 2 11 490 200
236 130 8 8 191 80
236 132 5 5 490 354
236 133 4 9 341 314
236 134 2 13 473 466
236 135 4 7 481 258
236 137 6 7 322 65
236 139 10 5 271 401
236 141 9 3 493 484
237 126 9 8 197 415
237 138 5 5 464 491
237 149 9 3 383 390
237 151 7 4 437 2
238 123 5 8 483 270
238 141 7 4 476 487
238 142 3 7 244 246
238 147 2 13 499 306
239 121 2 14 480 378
239 123 4 9 136 42
239 124 5 5 196 266
239 125 8 3 205 441
239 128 9 2 275 411
239 129 1 10 496 1
239 131 4 5 249 283
239 132 2 5 499 122
239 133 6 2 416 152
239 136 9 7 207 40
239 139 7 4 466 218
239 141 4 7 469 160
239 151 8 4 382 452
239 153 7 5 461 63
240 120 10 3 422 430
240 121 4 7 479 54
240 125 9 9 129 283
240 127 4 8 327 202
240 128 3 9 388 288
240 129 2 11 477 451
240 130 8 6 219 218
240 131 9 3 490 252
240 132 8 9 184 225
240 137 2 14 476 377
240 144 5 6 449 333
240 147 4 7 462 475
240 149 9 3 499 472
240 151 10 3 407 383
241 123 9 9 238 296
241 151 8 4 381 71
241 153 2 17 475 9
242 120 2 15 420 365
242 128 7 5 398 463
242 132 7 7 284 72
242 136 6 12 469 202
242 139 7 4 496 500
242 142 3 10 462 292
242 144 9 9 171 435
242 147 6 5 409 405
242 148 8 6 234 361
242 150 5 8 157 321
242 151 8 4 53 452
242 155 3 4 6 71
243 126 4 5 495 125
243 136 4 7 445 153
243 137 2 13 479 282
243 142 10 8 155 231
243 143 6 7 294 292
243 144 4 9 342 381
243 145 4 7 439 128
243 146 6 5 409 175
243 147 3 9 454 341
243 149 3 9 452 479
243 150 2 13 469 192
243 151 2 13 468 372
244 121 10 3 444 347
244 123 9 7 235 69
244 126 1 20 494 130
244 129 10 3 469 110
244 147 1 11 491 386
244 151 5 4 406 450
245 121 8 4 343 424
245 123 2 6 495 189
245 151 9 2 451 218
245 156 8 6 275 285
246 120 10 9 122 387
246 147 5 5 160 219
247 120 9 3 73 25
247 121 6 9 202 478
247 126 4 10 156 370
247 130 7 5 178 330
247 137 6 3 345 11
247 145 1 1 89 452
247 149 10 4 496 191
247 150 3 10 100 80
247 151 3 2 254 336
247 152 5 2 152 380
247 153 7 2 108 429
247 155 1 10 150 142
248 121 8 3 240 103
248 124 3 4 483 166
248 126 5 8 210 281
248 129 1 17 497 121
248 131 6 4 412 99
248 132 2 10 495 367
248 133 6 4 413 323
248 135 8 3 496 206
248 137 2 12 498 196
248 139 2 12 499 436
249 122 2 2 37 428
249 123 3 2 72 421
249 126 10 4 399 55
249 136 9 6 295 48
249 140 10 7 227 42
249 141 6 7 378 449
249 143 8 9 213 207
249 145 5 8 97 350
249 146 2 4 484 418
249 149 4 4 241 464
249 150 2 4 480 493
249 151 2 4 479 110
249 154 5 4 191 338
249 155 4 7 131 37
249 156 3 6 160 194
