700 250 1000
0 41 14 2 495 227
0 148 15 2 106 74
0 149 4 18 213 304
0 206 5 8 294 436
0 209 17 19 284 466
0 224 1 5 201 497
1 100 8 16 338 300
1 109 13 18 63 253
2 137 13 9 338 3
2 168 4 20 490 290
2 181 19 7 59 129
2 235 19 2 327 323
3 167 20 20 134 77
4 56 4 18 37 293
4 68 11 13 38 371
4 70 17 1 309 347
4 103 18 4 356 379
4 123 16 1 279 497
4 127 1 19 315 373
4 183 18 12 391 42
4 228 10 17 70 455
5 52 13 8 261 24
5 92 10 15 40 413
5 95 18 14 259 437
5 192 1 14 399 61
5 194 7 11 489 419
6 54 16 5 167 292
6 126 11 17 188 26
6 190 2 12 482 448
6 236 19 15 360 165
7 105 11 15 59 73
7 114 3 18 472 357
7 123 15 17 292 296
7 243 10 17 206 336
8 33 17 14 245 49
8 76 2 5 167 368
8 168 10 20 45 450
8 199 15 20 443 263
8 213 9 11 37 281
9 17 8 8 88 317
9 74 8 14 104 191
9 170 3 12 173 297
9 174 16 20 60 401
9 187 12 10 269 249
10 36 20 18 98 484
10 64 5 9 331 91
10 121 8 18 65 227
10 165 16 6 183 30
10 240 12 19 328 410
11 36 16 17 346 330
11 84 19 7 58 31
11 93 20 15 20 234
11 98 7 9 294 114
12 73 9 8 373 410
12 117 14 9 498 136
13 15 4 11 40 453
13 31 16 2 21 417
13 50 16 12 388 90
13 135 2 6 454 395
14 11 18 17 117 271
14 20 16 6 341 480
14 178 1 6 477 99
14 240 5 17 27 56
15 24 7 18 145 164
15 64 6 13 69 109
15 163 19 7 70 439
15 195 8 9 394 132
15 242 14 14 273 406
16 30 15 11 419 57
16 104 2 16 456 46
16 152 12 3 28 233
16 248 5 13 246 441
17 8 16 2 110 88
17 25 7 19 215 471
17 59 5 12 391 375
17 104 19 20 60 155
17 116 8 15 245 185
17 191 19 2 2 314
17 223 10 5 102 85
17 224 17 16 81 253
18 89 15 5 272 140
18 146 14 9 316 70
18 176 20 11 373 253
18 205 10 5 339 339
19 61 14 4 68 483
19 72 2 18 326 145
19 101 15 10 306 2
19 183 6 2 441 350
19 222 1 14 312 439
20 18 16 5 214 408
20 62 11 11 352 138
20 113 2 19 158 90
20 128 13 16 25 15
20 169 4 13 100 63
20 197 8 8 228 45
21 187 20 14 373 447
21 238 1 1 155 257
22 178 6 19 194 431
22 188 19 5 375 480
22 195 10 17 208 377
23 36 17 3 270 484
23 165 3 15 433 409
23 177 7 10 20 340
23 220 14 9 400 196
24 12 5 2 361 378
24 20 2 17 490 496
24 111 14 12 136 26
24 238 5 6 308 239
25 92 9 17 103 489
25 184 9 9 450 384
25 223 16 14 418 194
26 12 15 9 304 383
26 44 11 14 245 320
26 148 15 4 469 448
26 169 18 13 415 96
26 183 11 13 88 188
27 70 3 18 497 170
27 137 20 11 131 422
27 181 9 1 460 221
27 184 6 3 328 476
28 94 15 20 37 174
29 76 13 8 360 344
29 103 13 19 117 58
29 157 7 8 71 314
29 163 18 6 140 231
29 190 4 9 474 169
29 216 6 3 438 354
30 25 7 4 68 262
30 45 4 9 291 352
30 124 7 13 455 3
30 127 18 9 258 120
30 154 5 2 242 313
30 212 18 10 400 120
31 14 7 1 260 294
31 57 14 18 316 375
32 64 8 1 458 434
32 121 15 2 257 460
32 155 19 11 314 352
32 180 17 20 125 386
33 29 8 8 345 469
33 33 12 3 496 382
33 66 3 20 79 109
33 198 15 11 55 323
33 222 12 18 321 151
34 41 12 3 192 469
34 152 13 4 33 98
34 230 2 18 70 98
35 29 9 16 333 390
35 70 15 16 3 189
35 121 14 2 19 482
35 146 4 6 84 282
35 224 12 16 121 387
36 3 9 14 334 451
36 10 19 4 131 327
36 27 2 1 168 392
36 28 2 7 267 262
36 33 20 17 131 148
36 77 1 5 456 193
36 223 17 7 220 85
37 42 14 8 266 131
37 161 6 18 328 44
37 163 17 3 130 474
37 174 16 14 394 412
38 47 8 14 473 14
38 69 10 3 347 16
38 95 1 1 122 159
38 97 2 14 139 207
38 129 6 15 33 466
38 233 15 6 37 168
38 245 14 8 97 254
38 248 11 19 155 244
40 7 19 7 187 311
40 115 8 15 134 78
40 156 11 12 277 172
40 173 10 1 451 148
40 175 4 6 40 362
41 2 6 3 61 497
41 66 14 8 413 204
41 119 16 18 363 364
41 157 17 10 479 115
41 222 19 19 421 167
42 20 7 17 337 274
42 95 14 11 452 396
42 214 6 11 437 302
42 223 4 16 66 38
43 129 2 16 197 99
43 200 11 5 64 484
43 215 8 6 331 55
44 37 8 14 105 486
44 58 13 18 127 151
44 105 20 1 315 174
44 219 4 3 441 50
44 226 15 2 342 2
45 116 6 2 357 220
45 123 9 19 349 99
45 174 14 19 297 25
45 247 20 20 269 395
45 248 17 16 166 354
46 94 20 4 102 391
46 106 10 4 57 273
46 169 1 3 168 112
46 171 3 20 458 106
46 186 7 13 124 124
47 32 6 17 44 479
47 194 11 7 363 94
47 205 3 2 182 144
47 236 9 10 423 95
48 158 19 6 469 468
48 167 5 19 349 466
49 22 2 9 423 312
49 29 1 2 107 446
49 101 3 16 495 489
49 206 20 1 422 388
49 218 20 3 388 329
50 0 5 13 130 499
50 29 14 15 451 98
50 51 14 14 138 457
50 93 15 16 272 87
50 142 20 12 180 141
50 171 16 6 250 125
50 189 2 4 56 471
50 198 7 2 460 243
50 204 4 13 358 420
51 44 3 16 171 30
51 237 20 5 421 278
52 33 20 15 127 175
52 56 20 20 286 259
52 102 15 3 87 270
52 115 12 12 177 27
52 125 9 8 252 447
52 204 11 7 380 478
53 137 1 15 219 206
53 198 6 16 349 48
53 237 17 1 485 431
53 245 8 6 69 76
54 14 2 12 449 219
54 26 1 9 73 132
54 85 6 3 432 268
54 106 1 7 463 185
54 135 10 15 355 334
54 172 13 11 426 414
54 204 8 18 418 65
54 212 7 12 137 146
54 230 18 1 5 415
55 0 13 1 333 125
55 18 19 9 408 241
55 124 5 9 68 77
56 41 19 13 267 32
56 228 18 4 272 74
57 2 10 14 233 310
57 5 17 18 244 442
57 30 3 2 185 140
57 199 20 14 252 134
58 135 15 10 370 238
58 184 5 9 14 325
58 203 20 6 257 258
58 211 20 10 294 399
58 235 10 8 215 123
59 13 9 5 335 401
59 39 8 11 481 201
59 77 16 18 364 163
59 106 18 15 373 413
59 118 18 1 194 142
59 156 11 3 500 458
60 59 7 20 464 161
60 74 3 5 1 458
60 110 9 16 9 39
60 161 11 10 291 494
60 189 7 7 226 452
60 235 10 19 404 376
62 63 19 9 114 1
62 83 8 4 404 315
62 141 13 11 140 477
62 176 20 11 180 311
62 181 20 13 18 174
62 227 6 20 437 222
63 53 14 20 143 313
63 68 1 6 450 241
63 69 10 10 377 390
63 154 6 18 448 295
64 160 13 19 236 377
64 238 16 9 409 247
65 88 12 6 14 345
65 194 3 4 431 73
65 216 16 19 175 411
66 57 2 17 243 203
66 220 16 1 414 239
67 7 10 7 164 375
67 186 5 10 347 34
68 111 20 18 457 135
68 161 19 15 198 239
68 216 12 2 61 405
69 146 8 7 458 1
69 184 18 17 38 284
69 206 11 14 471 418
70 14 13 12 10 107
70 16 10 1 368 202
70 204 8 15 282 332
70 215 7 13 455 27
70 237 7 20 424 490
71 11 14 9 190 65
71 62 11 18 386 2
71 96 14 2 44 315
71 124 7 14 386 485
71 239 19 19 207 215
72 39 17 16 155 183
72 53 9 18 340 34
72 203 12 20 310 178
73 26 1 13 162 75
73 151 5 1 191 420
73 163 15 3 369 135
73 233 2 2 156 315
74 4 4 20 205 128
74 32 17 17 154 147
74 90 1 18 486 393
74 124 3 1 182 91
74 202 20 6 45 493
75 10 13 6 390 25
75 90 14 6 155 384
75 126 3 5 65 381
75 238 7 5 408 390
76 123 2 14 104 388
76 156 5 3 433 165
77 23 14 15 429 13
77 80 8 4 405 97
77 125 8 11 80 12
77 200 3 5 285 478
78 16 7 5 484 475
78 72 13 8 155 273
78 97 15 12 81 444
78 121 4 12 168 499
78 148 20 20 182 429
78 151 12 1 326 67
78 165 9 14 208 23
78 193 7 9 245 241
79 0 10 6 11 283
79 27 10 10 207 330
79 28 9 2 366 7
79 40 6 9 414 184
79 93 10 20 359 314
79 141 15 18 62 344
79 188 12 14 254 96
80 7 3 2 79 459
80 47 4 9 227 322
80 194 18 18 214 425
80 210 2 1 122 154
80 249 5 5 322 11
81 168 9 3 380 187
81 193 11 11 153 348
82 17 17 16 64 339
82 85 6 4 213 51
82 161 5 5 335 238
83 123 14 6 358 424
83 168 19 3 6 432
83 195 7 12 230 460
84 40 6 4 226 303
84 84 20 7 307 348
84 235 20 12 71 233
85 29 5 10 134 497
85 33 5 4 451 28
85 46 12 13 246 215
85 148 4 6 353 176
85 154 6 9 447 224
85 179 1 11 345 356
85 192 9 7 317 140
86 60 11 9 259 334
86 162 1 3 349 465
86 164 12 2 459 330
87 38 9 15 46 474
87 134 6 11 195 123
87 182 16 9 376 264
88 145 14 15 23 31
89 37 15 20 398 451
89 43 6 12 370 271
89 91 16 5 204 387
89 112 20 10 51 19
89 119 5 14 360 28
89 156 7 18 52 481
89 197 3 4 54 98
89 247 18 13 378 156
90 103 7 11 491 461
90 161 1 14 317 60
90 242 7 9 309 287
91 9 20 5 192 162
91 20 2 18 426 94
91 72 12 7 303 263
91 98 20 12 499 388
91 116 9 19 198 460
91 128 7 14 56 1
91 153 14 8 126 472
91 233 6 20 481 280
92 99 11 8 108 52
92 132 13 7 402 399
92 189 7 20 353 80
92 197 13 14 151 35
92 236 15 18 348 178
93 40 15 19 454 271
93 139 18 8 494 427
93 152 12 11 337 6
93 155 11 7 125 100
93 202 11 5 33 304
94 7 20 2 191 406
94 128 4 5 371 393
94 188 17 16 412 75
95 5 1 15 201 135
95 94 8 10 174 91
95 168 5 10 500 332
95 242 7 18 9 265
96 190 8 4 394 217
96 201 20 20 491 348
97 7 6 5 187 402
97 102 19 2 86 500
97 164 7 4 265 101
97 224 5 1 3 281
98 3 5 13 131 105
98 97 2 7 304 24
99 69 6 18 92 130
99 94 8 8 68 85
99 228 2 1 252 468
100 4 8 8 205 346
100 10 18 10 484 189
100 12 9 18 218 294
100 128 2 17 224 25
100 168 14 20 494 181
100 193 11 16 224 266
101 171 19 1 414 433
102 29 2 10 177 274
102 68 4 4 237 263
103 83 20 9 13 345
103 116 15 8 255 431
104 120 15 13 391 201
104 156 15 15 363 500
104 183 1 16 167 81
104 245 1 13 249 318
105 38 11 3 204 413
105 44 8 17 172 119
105 81 4 3 271 238
105 103 7 13 295 167
106 37 11 18 409 39
106 127 12 13 277 399
106 135 20 10 374 273
106 222 4 18 124 75
106 245 7 15 141 370
107 44 5 17 88 363
107 203 18 11 306 376
107 207 7 1 65 25
108 35 9 6 71 395
108 41 8 19 431 305
108 44 2 7 439 346
108 46 5 1 224 5
108 230 15 18 466 75
109 39 9 12 97 125
109 108 6 7 287 323
110 236 11 19 87 331
111 59 4 10 259 284
111 81 9 17 350 104
111 150 7 7 460 442
111 174 8 14 14 426
111 246 3 10 162 78
112 123 5 5 393 92
112 179 13 19 233 234
112 208 12 9 231 482
113 150 2 6 167 258
113 237 18 7 376 273
113 246 14 13 494 220
114 136 12 12 156 241
114 229 8 19 17 47
115 135 10 7 27 120
116 3 3 20 498 105
116 152 15 5 258 145
116 226 11 14 165 149
117 7 4 17 342 147
117 150 4 20 412 339
117 178 6 8 185 467
118 31 5 12 58 435
118 179 4 9 52 159
118 194 20 7 363 333
119 104 16 15 340 494
119 151 3 13 375 384
119 213 5 1 69 126
120 82 19 20 493 327
120 88 11 14 460 448
120 187 16 2 73 241
120 201 14 9 267 299
121 12 18 9 163 228
121 122 12 10 54 392
121 130 11 6 480 404
121 162 11 3 188 435
121 189 2 6 349 422
122 47 1 7 401 495
122 102 10 5 378 493
122 186 20 14 69 130
122 200 12 15 240 242
122 225 15 7 486 37
123 12 16 16 420 296
123 75 2 18 232 157
123 108 11 20 148 68
123 156 18 15 466 387
123 214 9 12 250 98
123 237 14 15 37 99
124 1 15 9 493 313
124 125 6 16 342 26
124 129 3 4 50 297
124 140 11 1 101 218
125 46 18 11 384 267
125 96 2 12 464 16
125 142 3 11 183 325
125 187 11 2 390 39
125 188 2 2 338 393
125 190 16 10 122 409
126 15 6 5 486 338
126 16 1 15 264 361
126 247 14 5 250 399
127 13 8 6 379 234
127 48 16 16 154 215
127 70 20 6 247 150
127 74 6 9 197 327
127 105 17 14 429 90
127 122 6 10 75 429
128 41 5 18 407 246
128 78 6 19 391 466
128 177 15 19 153 189
129 100 4 18 141 331
129 118 3 1 174 442
129 206 4 12 200 132
129 209 15 16 387 373
129 225 12 2 85 151
130 51 3 17 196 367
130 213 3 6 300 311
130 244 8 12 490 410
131 34 15 20 177 245
131 74 17 3 137 68
132 111 19 10 253 447
132 115 5 14 152 344
132 140 5 5 102 214
132 184 6 10 415 265
132 193 17 19 312 475
132 227 8 10 451 16
132 244 15 8 57 163
133 26 12 15 247 306
133 44 17 5 422 460
133 84 10 20 76 396
133 119 11 15 23 225
133 140 9 6 341 472
134 13 3 6 208 164
134 87 3 11 394 264
134 165 5 20 322 330
135 10 9 6 352 167
135 88 10 18 342 356
135 223 18 2 226 450
136 36 9 3 59 156
136 87 12 4 351 66
136 131 9 12 221 57
136 197 15 18 150 270
136 219 11 15 316 40
137 58 1 11 406 242
137 102 16 12 156 487
138 241 14 13 210 141
139 0 18 11 467 111
139 7 9 9 24 78
139 40 7 19 221 333
139 101 11 12 447 14
139 227 8 16 374 185
140 61 20 8 388 42
141 7 5 19 381 94
141 15 2 20 286 380
141 61 6 2 420 289
141 99 6 5 349 373
141 110 12 2 73 488
141 117 20 9 442 229
141 119 10 6 174 168
141 210 7 7 317 429
141 242 18 2 244 363
142 47 20 13 54 35
142 65 1 14 350 234
142 174 16 2 313 195
142 194 14 9 239 364
142 202 14 16 90 95
143 118 8 6 162 497
143 190 15 15 237 172
143 202 20 15 453 301
143 212 16 8 385 108
144 65 19 1 144 182
144 86 16 3 468 242
144 112 2 15 100 12
144 196 7 12 328 225
144 226 12 7 435 108
145 4 2 20 356 179
145 59 16 13 34 102
145 61 16 2 21 270
145 155 18 10 280 271
145 180 7 7 404 286
146 6 15 13 121 70
146 228 3 11 197 210
147 1 4 9 101 32
147 36 13 17 426 296
147 169 1 1 401 130
147 173 12 19 381 146
147 220 1 6 479 170
147 249 17 12 322 238
148 47 1 20 342 360
148 85 10 17 126 34
148 192 5 14 184 97
148 199 2 3 423 416
149 4 4 6 195 92
149 156 17 3 172 219
149 201 16 15 148 432
149 218 9 8 286 243
150 10 15 10 269 319
150 24 12 18 177 344
150 90 17 18 435 317
150 214 12 2 98 187
150 224 15 19 421 63
150 232 6 12 223 429
150 243 11 18 39 172
150 244 2 3 375 64
151 0 16 7 193 441
151 7 13 19 106 455
151 115 15 18 475 416
151 165 1 3 429 451
152 31 14 18 202 414
152 73 20 4 277 385
152 245 5 16 466 476
153 76 9 18 453 77
153 126 18 5 157 85
153 156 1 11 370 380
153 210 4 11 199 416
153 236 11 5 386 53
154 173 10 8 109 491
154 194 20 11 297 220
155 19 11 14 449 348
155 59 9 4 430 184
155 70 13 4 199 350
155 118 17 20 99 363
155 131 3 3 57 209
155 149 7 4 20 154
155 186 1 12 116 162
156 21 9 12 138 53
156 112 1 19 387 68
156 200 11 4 380 149
156 206 15 4 16 34
156 220 11 11 398 76
156 238 15 15 68 329
157 4 8 5 288 182
157 132 13 16 152 95
158 72 7 12 186 340
158 182 15 20 86 288
159 201 11 12 236 289
159 248 14 5 84 240
160 2 17 13 194 403
160 28 7 17 119 389
160 87 7 9 450 451
160 90 8 13 242 81
160 179 12 19 195 346
161 55 17 6 204 118
161 242 9 16 88 293
162 9 17 4 138 361
162 36 4 20 364 246
162 61 19 8 9 325
163 148 3 1 436 57
163 234 13 3 20 313
164 22 11 15 205 43
164 42 2 4 197 356
164 51 6 4 352 466
164 134 7 17 393 332
164 206 4 19 138 178
164 221 16 2 261 113
165 1 8 4 304 454
165 212 14 8 122 95
165 244 10 3 365 356
166 6 18 19 312 157
166 38 5 1 247 52
166 117 5 14 362 390
166 131 19 18 280 326
166 148 6 17 111 394
166 219 7 19 435 99
167 10 16 13 374 90
167 79 4 17 473 100
167 140 13 14 39 475
167 151 15 19 493 189
167 168 7 18 478 390
168 50 19 17 181 456
168 172 19 2 90 485
168 175 15 18 62 325
168 205 16 3 262 254
168 238 10 7 46 256
168 244 6 5 222 259
169 17 19 10 152 276
169 29 6 5 358 27
169 173 12 6 198 22
170 3 14 7 55 426
170 26 9 11 412 211
170 42 13 1 375 456
170 43 5 6 93 163
170 87 9 12 11 470
170 96 3 16 65 359
171 238 11 10 323 482
172 26 19 2 66 105
172 71 9 18 166 18
172 124 19 12 212 257
172 145 13 10 298 335
173 46 18 3 6 30
173 181 10 1 312 390
173 202 1 7 41 474
174 130 6 4 239 249
174 134 16 11 255 61
174 166 14 6 156 4
175 53 5 17 330 366
175 167 5 7 261 452
175 168 16 11 479 62
176 21 12 16 388 58
176 110 11 8 15 453
176 146 19 20 280 181
176 169 7 2 303 141
176 209 3 10 485 71
177 119 6 3 481 204
177 151 16 4 202 157
177 179 15 9 149 296
177 203 12 8 442 392
177 211 1 3 263 452
178 124 5 7 1 116
179 58 4 8 432 256
179 60 1 5 418 385
179 61 6 18 370 422
179 70 19 16 317 247
179 72 2 5 384 97
179 92 5 17 64 98
179 131 15 14 310 485
179 204 13 18 167 9
180 25 2 5 382 134
180 142 11 17 256 242
180 226 17 17 362 493
181 43 13 7 284 92
181 97 6 10 384 35
181 155 14 11 276 438
181 165 20 6 275 182
182 4 19 2 21 170
182 63 9 2 47 278
182 101 13 17 412 468
182 175 11 7 123 21
182 194 1 18 232 341
183 67 4 13 64 234
184 131 8 6 369 394
184 133 20 11 334 48
184 195 20 19 300 198
184 215 16 9 457 82
184 237 6 3 483 325
184 241 7 5 262 230
185 186 18 20 166 436
186 8 19 1 66 261
186 164 1 8 218 383
187 16 20 15 390 498
187 123 2 12 135 340
187 189 4 4 156 277
187 219 11 19 193 311
187 241 20 17 486 325
188 17 20 16 376 196
188 46 14 14 54 224
188 97 16 20 122 312
188 132 18 11 374 491
188 144 17 10 229 101
188 145 5 1 201 3
188 149 12 8 81 381
189 10 16 12 354 179
189 33 4 7 183 443
189 113 15 13 299 439
189 150 16 15 447 103
189 209 15 1 34 477
189 225 7 4 137 345
190 81 16 12 477 131
190 128 17 10 368 116
190 197 15 7 112 352
190 198 13 9 364 92
191 80 6 18 75 290
191 114 4 1 394 263
191 129 20 9 439 10
191 172 6 10 342 384
191 212 11 7 137 244
191 233 13 6 151 356
192 24 16 18 249 55
192 51 7 13 24 245
192 122 5 10 364 275
192 146 3 16 391 271
192 185 20 15 363 150
193 5 18 18 67 171
193 20 11 15 215 349
193 107 19 15 375 252
194 91 10 8 426 134
195 97 20 3 455 40
195 112 10 5 371 43
195 119 3 8 413 498
195 137 13 16 233 498
195 147 13 5 382 243
195 169 10 2 264 277
195 179 3 13 186 393
195 210 10 20 271 271
196 13 3 19 52 284
196 97 12 16 427 223
196 184 20 12 82 271
197 30 10 17 290 236
197 54 1 1 427 416
197 184 16 5 312 357
197 203 18 11 366 285
197 210 16 10 163 219
197 233 20 14 161 47
197 239 5 16 151 348
198 33 6 19 353 135
198 120 14 9 294 353
198 211 10 14 282 141
199 0 20 20 90 17
199 49 8 2 225 86
199 110 1 12 453 208
199 185 2 13 446 221
200 3 9 8 268 177
200 47 7 19 87 144
200 70 1 5 46 266
200 175 12 8 139 350
200 233 20 4 195 134
201 110 14 12 164 63
201 125 4 6 123 429
201 219 13 1 120 407
202 21 12 14 233 80
203 110 14 2 296 63
203 169 5 3 443 112
203 204 13 6 252 256
204 87 6 6 93 377
204 184 13 1 301 33
205 8 13 19 286 400
205 16 13 3 143 105
205 38 10 14 39 99
205 94 3 3 309 421
205 128 2 17 253 451
205 139 12 6 351 477
205 187 14 20 386 69
206 6 11 2 190 222
206 71 6 1 265 165
206 172 19 2 147 454
206 216 17 12 218 222
207 26 1 5 459 445
207 81 3 13 57 433
207 110 13 20 102 42
207 140 13 5 190 49
207 141 20 16 440 453
207 215 8 12 447 131
207 232 18 14 339 382
208 69 8 2 110 487
208 77 6 12 92 183
208 125 9 2 209 175
208 163 10 16 343 138
208 176 19 20 367 12
209 230 4 11 40 218
210 38 18 14 155 484
210 43 6 14 466 302
210 186 8 6 219 478
210 188 16 15 248 381
211 9 5 11 214 190
211 37 14 14 243 161
211 63 12 12 10 451
211 116 6 11 220 331
211 133 10 10 292 492
211 161 9 16 280 405
211 243 9 16 380 304
212 75 10 2 141 484
212 242 11 4 115 72
213 20 14 15 75 187
213 30 18 5 391 119
213 51 2 18 51 355
213 54 20 12 186 42
213 217 1 12 28 438
214 10 13 13 485 391
214 22 2 14 163 369
214 153 6 8 110 239
214 158 18 7 487 468
214 223 20 18 13 176
215 61 3 20 279 30
215 157 16 4 327 51
215 218 10 11 351 329
216 4 3 14 310 453
216 43 12 6 281 321
216 187 16 5 68 319
216 208 3 7 118 345
217 20 19 10 123 56
217 36 2 20 456 264
217 87 20 6 490 385
217 216 11 17 64 357
217 217 17 15 93 1
217 220 18 10 13 142
218 53 2 17 382 129
218 71 15 12 394 313
218 94 17 5 207 89
218 95 20 17 472 120
218 237 14 5 472 300
219 62 14 10 500 13
219 134 19 14 216 144
220 123 2 20 273 3
220 124 3 6 262 314
220 240 6 9 89 35
221 16 18 14 69 240
221 55 17 16 473 472
221 212 20 3 474 164
222 10 17 16 483 157
222 57 15 6 289 312
222 159 3 11 299 401
222 234 17 13 439 289
223 37 9 7 336 431
223 79 4 1 114 187
223 170 5 18 485 197
224 116 19 16 476 150
224 147 17 13 449 101
225 53 12 5 252 173
225 143 17 2 144 251
225 204 4 19 46 19
225 209 16 9 137 465
225 222 18 6 382 254
225 228 17 16 13 140
226 58 15 18 110 486
226 92 12 4 467 105
226 127 17 19 381 129
226 229 3 19 280 189
227 20 10 1 413 112
227 82 17 12 95 171
227 186 20 14 226 371
227 236 15 10 378 279
228 63 4 5 348 52
228 64 8 17 474 140
228 66 10 17 280 114
228 151 3 3 408 229
228 199 19 10 433 34
229 249 7 14 439 98
230 14 18 20 412 266
230 31 11 11 434 203
230 134 12 12 85 410
231 9 19 4 89 123
231 79 8 17 376 127
231 124 4 9 213 99
231 132 10 11 296 36
231 135 15 16 400 33
231 151 4 11 76 474
232 155 14 2 120 474
232 216 8 17 321 471
233 50 17 18 7 452
233 54 4 4 38 183
233 98 19 7 34 326
233 153 15 11 267 153
233 209 7 8 313 224
234 127 12 3 59 381
234 240 9 5 24 172
235 85 15 17 338 141
235 125 16 11 245 4
235 144 17 20 230 459
235 178 19 7 270 334
235 215 13 3 279 352
236 1 17 1 458 426
236 120 13 16 30 249
236 197 10 8 500 390
236 243 12 3 207 344
237 145 10 13 55 359
237 225 10 16 16 386
238 247 10 7 89 48
239 135 18 7 472 355
240 6 19 15 239 379
240 16 20 14 37 386
240 24 8 15 347 313
240 31 4 9 491 237
240 89 14 12 181 127
240 93 7 8 23 13
240 142 2 10 58 440
241 24 3 2 176 498
241 175 6 1 346 172
241 187 13 1 236 66
242 9 1 15 244 92
242 19 2 17 172 124
242 134 9 19 439 240
242 155 2 1 469 105
242 246 20 2 175 239
243 63 7 14 401 261
243 104 11 5 160 76
243 122 16 13 386 414
243 195 10 5 281 130
244 15 9 2 58 211
244 75 5 16 23 123
244 118 4 17 304 117
244 150 16 9 230 91
244 209 16 15 188 352
245 61 9 20 401 418
245 101 18 13 257 373
246 45 16 2 82 278
246 57 5 6 321 140
246 121 17 16 134 499
246 182 17 5 417 156
246 226 10 18 473 39
247 57 15 18 473 332
247 70 2 12 126 266
247 77 11 10 396 363
248 14 5 11 152 450
248 54 12 9 29 428
248 202 8 10 91 10
249 38 18 4 323 157
249 64 16 13 285 382
249 111 17 19 419 129
