640 250 1000
131 218 4 7 204 202
131 220 5 3 381 43
131 221 4 7 205 345
131 222 6 9 113 130
131 223 10 2 306 455
131 224 2 9 341 324
131 225 8 2 384 145
131 226 6 5 205 458
131 227 9 3 228 390
131 229 2 7 441 448
131 232 4 4 388 16
131 233 7 4 222 430
131 236 4 4 389 384
131 237 5 3 415 324
131 239 2 7 445 111
131 241 4 9 183 466
131 242 5 7 492 416
132 220 4 2 71 94
132 224 7 9 70 421
132 240 9 9 86 463
132 241 6 9 82 476
132 249 3 2 222 288
133 231 8 9 27 382
133 241 2 5 443 324
133 247 9 6 23 388
133 248 8 4 223 266
134 224 12 11 371 34
134 240 7 10 100 372
134 247 8 8 242 161
134 248 4 4 447 192
134 249 3 1 445 186
135 220 4 9 356 69
135 222 11 6 147 221
135 233 9 5 283 281
135 235 9 3 470 185
135 236 7 10 181 210
135 238 7 4 449 455
135 241 4 5 458 314
135 242 8 9 127 42
135 243 10 1 312 84
135 246 8 3 104 249
135 248 3 8 299 240
135 249 7 5 134 244
136 220 7 4 458 27
136 224 2 13 492 186
136 240 7 4 479 495
136 241 7 4 328 289
136 247 4 8 486 240
136 248 5 6 240 267
136 249 6 5 210 355
137 220 2 13 494 485
137 231 4 9 355 402
137 232 6 8 459 144
137 240 3 9 497 405
137 241 2 10 460 223
137 247 2 16 487 479
137 248 5 3 481 238
137 249 7 7 130 91
138 220 9 7 204 485
138 221 4 5 442 432
138 222 5 5 354 469
138 223 4 8 277 283
138 224 4 7 458 383
138 225 5 8 223 353
138 226 4 3 166 364
138 228 4 7 321 179
138 229 4 7 322 258
138 231 6 9 237 358
138 232 7 5 258 174
138 233 8 6 189 485
138 238 8 4 284 237
138 239 12 10 173 271
138 240 4 3 240 252
138 242 9 3 180 92
138 248 7 9 115 107
138 249 7 6 220 28
139 220 8 8 201 389
139 221 10 19 208 182
139 223 7 3 407 42
139 224 7 4 459 175
139 230 2 9 474 243
139 231 5 6 427 179
139 234 7 5 243 97
139 236 7 3 356 269
139 237 4 4 467 339
139 238 8 2 466 248
139 239 4 4 465 28
139 241 9 4 257 127
139 243 2 9 400 438
139 245 9 2 398 262
139 247 9 5 348 329
139 248 10 4 182 144
139 249 9 3 343 33
140 220 7 8 230 216
140 224 2 13 495 275
140 240 2 14 482 409
140 241 7 3 495 164
140 248 4 8 228 185
140 249 7 6 221 362
141 219 8 3 435 459
141 220 4 7 461 252
141 231 5 8 321 30
141 232 8 6 458 202
141 240 5 6 450 155
141 241 7 7 213 347
141 248 10 7 190 326
142 220 9 9 160 272
142 224 8 4 404 199
142 240 6 6 376 254
142 241 4 7 373 182
142 247 3 11 477 349
142 248 5 9 296 498
143 224 3 10 431 363
143 229 10 3 201 280
143 231 7 4 459 221
143 232 1 4 102 230
143 234 4 4 375 211
143 238 12 7 190 27
143 240 4 9 377 428
143 241 2 6 495 441
143 242 8 3 247 201
143 243 5 2 230 277
143 245 2 2 350 277
143 246 2 2 349 183
143 247 3 11 478 173
143 248 4 7 476 69
144 218 3 9 132 265
144 220 9 5 289 253
144 221 9 8 66 50
144 222 5 5 191 370
144 223 3 5 224 346
144 224 4 8 491 422
144 225 3 11 477 456
144 226 2 16 492 221
144 227 2 16 493 388
144 228 9 9 195 205
144 229 5 7 452 26
144 231 2 14 460 304
144 235 5 7 453 153
144 241 2 11 475 414
144 247 5 7 451 73
144 248 3 10 445 324
145 219 8 8 161 147
145 220 2 14 465 56
145 224 7 5 449 10
145 233 6 7 433 33
145 239 7 7 111 102
145 240 5 6 453 88
145 241 3 4 451 157
145 242 5 6 180 482
145 244 1 4 188 439
145 247 5 7 491 337
145 248 5 6 446 408
145 249 2 2 465 56
146 220 7 8 233 256
146 224 2 16 492 239
146 230 9 8 305 124
146 232 4 11 499 62
146 235 3 16 456 19
146 237 3 4 455 464
146 238 5 9 485 275
146 239 3 15 484 44
146 241 3 15 482 161
146 244 5 9 481 76
146 245 4 11 491 443
146 246 10 9 240 183
147 220 3 9 484 242
147 242 3 12 476 279
147 247 2 18 479 304
147 248 4 9 372 109
147 249 6 4 490 61
148 231 7 4 461 24
148 242 3 12 475 169
148 247 2 18 480 293
149 219 7 3 497 120
149 220 6 9 243 448
149 233 5 8 453 167
150 219 4 6 434 436
150 220 2 14 469 181
150 221 2 7 211 392
150 224 9 4 212 381
150 226 8 2 479 436
150 227 8 4 240 104
150 229 7 9 122 387
150 230 7 9 218 118
150 233 6 7 431 314
150 235 10 8 249 126
150 239 8 6 139 43
150 241 8 9 277 33
150 245 5 8 499 198
151 218 8 10 216 18
151 226 13 4 331 167
151 231 8 2 234 156
151 232 3 12 481 393
151 233 1 9 11 361
151 239 9 8 239 18
151 240 3 12 477 448
151 241 9 7 272 499
151 242 9 9 211 394
151 243 4 15 291 145
151 245 5 5 43 471
151 246 4 7 10 121
151 248 5 7 5 53
152 219 4 9 289 68
152 220 4 7 130 32
152 221 2 10 183 239
152 222 8 3 176 376
152 223 1 8 459 285
152 224 5 9 217 68
152 225 2 10 489 105
152 226 2 10 490 201
152 227 2 10 491 414
152 228 4 5 492 228
152 230 8 3 448 347
152 232 2 18 480 18
152 241 8 3 452 155
152 249 8 6 246 31
153 218 2 1 190 267
153 219 16 5 145 172
153 220 3 2 64 243
153 221 3 10 215 153
153 222 10 5 152 493
153 227 2 8 87 471
153 228 9 2 425 385
153 229 6 3 426 389
153 230 4 6 320 366
153 232 3 12 479 486
153 233 2 19 476 464
153 234 6 3 427 137
153 236 4 13 250 279
153 239 8 10 83 1
153 242 8 2 493 232
153 247 9 4 481 177
153 249 13 7 85 405
154 219 5 5 373 488
154 220 6 3 174 88
154 221 2 6 262 376
154 222 2 10 479 213
154 223 6 2 263 161
154 225 1 8 397 43
154 226 9 9 40 300
154 228 8 8 136 317
154 229 12 1 482 12
154 232 9 8 239 367
154 233 2 19 475 205
154 239 2 10 311 169
154 242 2 8 492 171
154 246 17 2 257 33
155 220 9 3 487 459
155 222 2 10 478 494
155 224 9 6 292 86
155 232 2 18 477 353
155 233 7 6 429 42
155 242 1 16 491 141
155 249 5 5 473 343
156 219 2 10 465 439
156 222 10 16 4 183
156 232 2 18 476 5
156 239 2 5 450 136
156 241 19 13 85 362
156 242 8 9 109 296
157 220 9 3 488 333
157 222 7 9 97 315
157 233 4 9 500 206
157 240 9 5 303 195
158 222 4 8 190 146
158 242 6 7 186 201
159 218 9 7 84 58
159 219 1 11 488 66
159 222 3 8 252 188
159 223 2 7 381 178
159 224 7 7 109 113
159 225 1 11 486 486
159 227 9 8 235 211
159 228 5 7 484 171
159 229 2 17 499 185
159 230 8 7 303 178
159 233 7 5 487 115
159 235 2 18 474 278
159 239 2 6 374 52
159 245 10 6 285 294
160 218 3 9 3 414
160 220 6 5 200 259
160 221 4 1 334 350
160 222 4 6 251 159
160 223 5 4 302 279
160 224 7 8 168 146
160 225 5 4 471 478
160 227 10 5 206 282
160 228 3 7 491 231
160 229 4 6 430 442
160 231 5 5 413 476
160 233 5 7 56 283
160 234 2 11 470 2
160 236 9 3 391 18
160 239 3 3 498 262
160 244 8 8 234 277
161 219 5 8 133 291
161 222 3 6 135 264
161 224 6 6 439 292
161 232 1 1 100 350
161 239 10 7 64 18
161 242 5 8 49 364
162 222 2 1 158 33
162 239 1 9 145 168
163 231 15 6 144 393
163 232 8 3 27 489
163 233 2 4 25 240
163 240 6 5 455 135
163 242 1 8 143 286
164 247 11 7 225 79
184 190 2 9 74 138
184 192 2 6 246 259
184 193 9 8 184 308
184 194 8 4 415 198
184 195 2 14 475 400
184 196 4 7 476 179
184 197 8 5 334 449
184 199 6 6 372 252
184 201 2 14 480 251
184 202 3 9 498 240
184 203 7 9 214 43
184 204 9 4 375 276
184 205 7 6 322 99
184 206 7 5 387 132
184 207 2 14 484 461
184 208 5 7 388 320
184 210 4 7 487 391
184 211 9 4 379 288
184 212 4 9 380 307
184 213 1 8 23 12
184 215 9 10 153 184
184 216 8 6 40 484
184 222 10 7 54 19
184 227 1 6 237 240
184 228 10 3 461 347
184 230 5 6 462 158
184 232 5 6 469 313
184 235 9 8 235 221
184 242 10 7 202 14
184 248 9 7 167 106
185 214 10 1 238 228
185 219 4 8 497 437
185 220 9 18 261 47
186 196 9 4 371 223
186 213 8 7 171 222
186 214 3 3 265 465
186 216 6 7 96 217
186 218 7 4 467 413
186 220 3 9 483 350
186 221 10 8 215 154
186 222 2 7 271 122
186 223 8 10 163 368
186 224 5 6 434 435
186 225 10 10 130 369
186 226 2 13 499 286
186 227 5 6 432 96
186 228 1 6 498 414
186 229 2 13 497 238
186 230 4 8 393 295
186 231 6 16 327 401
186 232 2 11 499 377
186 234 6 7 261 156
186 235 6 10 283 133
186 236 9 2 485 89
186 240 6 4 362 54
186 242 3 3 289 137
186 243 7 9 130 106
186 244 9 7 129 237
186 245 2 10 115 23
186 247 5 2 229 194
186 248 3 8 439 76
187 190 9 7 150 281
187 194 2 10 475 76
187 195 1 20 476 163
187 196 3 9 495 296
187 198 8 6 200 126
187 199 2 10 481 376
187 201 6 4 402 58
187 202 8 6 206 308
187 203 2 10 485 472
187 204 6 9 180 235
187 205 5 4 487 488
187 210 10 2 491 188
187 213 7 5 274 263
187 214 4 5 120 213
187 215 5 9 219 374
187 216 4 3 337 191
187 220 3 2 86 196
187 222 1 8 475 241
187 227 3 9 481 347
187 231 3 9 465 492
187 232 17 7 181 183
187 233 9 3 407 458
187 235 5 7 486 422
187 240 2 6 174 156
187 241 10 7 308 289
187 242 7 5 405 428
187 248 9 7 168 307
188 190 15 5 158 197
188 198 17 3 353 301
188 202 4 5 495 392
188 213 1 20 480 16
188 214 1 5 481 196
188 215 6 9 333 217
188 219 8 9 44 120
188 221 3 12 498 496
188 222 5 2 381 143
188 224 3 12 497 124
188 227 7 8 319 220
188 229 6 6 495 367
188 231 8 10 222 32
188 232 2 18 493 100
188 233 2 18 492 355
188 235 9 8 245 323
188 236 5 6 471 259
188 238 6 6 22 43
188 239 2 15 468 306
188 240 7 5 401 289
188 242 6 3 246 174
188 243 8 2 224 341
188 248 2 14 448 171
189 196 4 7 479 245
189 202 2 10 496 120
189 203 8 4 435 199
189 206 7 4 496 283
189 209 6 9 248 449
189 214 2 3 491 20
189 216 5 8 331 115
189 220 2 14 494 140
189 222 4 7 461 193
189 223 9 3 478 129
189 224 10 3 430 261
189 225 3 9 477 4
189 226 2 13 495 344
189 227 2 18 497 309
189 228 9 6 238 368
189 229 8 4 385 448
189 231 2 20 445 79
189 232 2 13 472 340
189 233 2 18 493 277
189 234 6 8 255 412
189 235 2 18 491 286
189 236 6 5 406 37
189 237 2 13 468 135
189 238 2 13 467 66
189 239 7 11 209 96
189 240 5 7 346 200
189 241 9 7 192 363
189 242 8 7 123 67
189 243 1 4 469 16
189 245 9 1 173 157
189 246 9 1 170 46
189 248 2 13 483 26
190 196 5 6 448 296
190 214 18 20 202 407
190 216 3 9 275 205
190 220 2 14 495 489
190 222 2 13 497 454
190 231 7 9 283 446
190 233 2 4 494 350
190 235 2 19 466 426
190 242 2 8 130 361
190 248 6 8 262 318
191 192 2 8 52 288
191 193 6 8 92 346
191 194 3 3 491 178
191 195 6 7 203 90
191 196 2 19 354 213
191 197 5 4 427 117
191 199 9 2 476 294
191 200 2 9 477 33
191 202 6 5 406 152
191 204 2 10 490 52
191 205 4 5 491 132
191 207 5 7 282 233
191 208 8 8 155 300
191 209 4 5 497 87
191 210 7 3 474 348
191 213 1 10 221 257
191 214 5 4 499 44
191 216 9 9 92 190
191 219 9 8 220 279
191 221 9 7 13 106
191 222 6 5 431 271
191 227 9 8 250 398
191 231 8 9 248 241
191 233 2 18 495 428
191 235 7 6 464 184
191 242 4 8 443 77
191 248 5 3 210 450
192 196 5 6 449 380
192 214 5 7 286 412
192 216 7 6 178 235
192 220 7 4 497 228
192 222 3 9 479 387
192 227 2 19 474 114
192 228 17 19 470 362
192 231 4 9 497 181
192 235 7 6 465 298
192 237 5 3 283 1
192 248 8 9 176 265
193 194 3 10 460 196
193 202 10 3 477 262
193 209 8 7 314 7
193 213 10 9 181 298
193 216 5 3 499 83
193 220 6 5 464 94
193 227 3 13 462 343
193 231 6 6 498 331
193 233 6 6 497 333
193 235 2 20 489 487
193 245 3 12 477 391
193 248 8 10 245 161
194 196 2 3 450 193
194 202 2 15 478 81
194 210 3 9 499 30
194 213 9 9 202 63
194 214 5 5 402 332
194 216 10 7 191 184
194 220 6 6 387 395
194 225 7 4 466 259
194 227 5 8 466 419
194 231 2 19 472 101
194 232 2 13 500 258
194 234 5 7 370 359
194 235 9 5 435 5
194 236 5 6 431 428
194 237 6 5 430 178
194 238 7 4 460 416
194 239 9 3 477 299
194 242 6 8 297 44
194 244 7 1 278 127
194 245 4 1 486 450
195 202 10 5 287 163
195 214 5 5 403 290
195 222 5 6 432 150
195 227 9 7 296 34
195 231 2 18 499 368
195 235 4 10 490 406
195 242 4 8 472 254
195 248 7 7 401 115
196 194 7 6 328 451
196 214 6 5 336 450
196 216 9 8 298 483
196 220 3 15 475 470
196 221 4 11 485 256
196 222 3 15 474 11
196 223 3 15 473 125
196 225 7 7 433 347
196 226 3 15 471 155
196 227 7 9 336 25
196 228 7 10 302 238
196 229 3 15 469 206
196 230 3 17 413 215
196 231 7 7 429 406
196 233 8 6 437 63
196 234 8 8 327 106
196 235 3 14 498 448
196 237 7 6 497 30
196 238 8 5 488 314
196 242 1 8 464 309
196 243 1 8 463 355
196 244 5 10 74 80
196 245 6 8 357 272
197 196 3 10 452 332
197 202 5 9 478 84
197 214 7 9 209 234
197 220 5 6 465 383
197 221 6 7 272 450
197 222 7 7 265 36
197 231 9 5 468 223
197 235 3 14 499 488
198 196 9 4 377 321
198 209 9 6 325 296
198 216 7 7 438 345
198 232 1 6 497 119
198 240 2 18 494 168
198 245 2 18 475 274
199 192 8 8 237 442
199 193 6 6 422 127
199 194 3 11 461 31
199 195 2 16 476 411
199 196 9 4 424 387
199 197 8 4 478 131
199 199 9 4 426 303
199 200 2 16 480 140
199 201 3 11 466 418
199 202 4 11 489 161
199 203 8 5 485 306
199 204 10 4 386 249
199 205 5 8 387 24
199 206 4 8 484 165
199 207 10 4 388 413
199 208 3 11 471 374
199 209 5 7 445 391
199 210 6 6 433 29
199 211 9 8 217 266
199 212 9 4 435 174
199 220 5 7 450 242
199 228 8 6 345 230
199 232 3 13 496 304
199 235 4 11 477 335
199 238 9 6 293 350
199 240 2 18 493 162
199 244 6 6 440 476
199 245 7 10 244 172
199 248 10 5 394 291
200 192 12 3 431 111
200 215 9 10 172 307
200 217 2 7 152 443
200 219 5 7 451 240
200 220 8 7 80 111
200 223 5 7 439 351
200 224 4 8 480 319
200 226 2 16 478 116
200 228 6 7 394 415
200 229 3 11 461 259
200 232 4 10 483 302
200 233 8 4 472 91
200 234 6 7 359 279
200 235 6 9 279 70
200 236 9 7 239 59
200 237 6 5 411 147
200 238 5 5 493 126
200 239 2 17 362 182
200 240 2 18 492 497
200 241 8 8 192 81
200 242 3 3 498 146
200 243 2 8 280 362
200 244 9 7 71 357
200 245 2 17 496 371
200 246 6 2 369 130
200 248 8 8 69 237
201 196 13 6 234 133
201 203 8 10 242 486
201 214 10 4 437 291
201 216 6 8 449 172
201 223 2 18 485 317
201 224 2 18 484 277
201 226 8 5 434 477
201 227 9 4 482 117
201 228 3 12 481 21
201 230 4 9 480 283
201 231 5 7 493 281
201 234 10 4 430 219
201 236 6 6 476 92
201 237 4 9 475 156
201 238 3 12 474 129
201 239 3 12 473 312
201 240 9 4 491 95
201 241 4 9 471 287
201 242 3 12 470 452
201 244 2 17 496 376
201 245 5 7 481 35
201 246 10 7 240 140
201 247 8 1 48 363
202 43 7 8 226 468
202 44 5 8 243 100
202 50 9 8 39 222
202 51 2 14 12 458
202 52 7 5 129 343
202 54 2 4 49 466
202 191 2 9 203 403
202 192 6 6 188 126
202 193 4 10 170 482
202 194 6 7 327 380
202 195 8 2 426 135
202 196 3 5 455 101
202 197 8 2 427 157
202 198 2 7 498 206
202 199 3 5 465 481
202 200 2 7 499 364
202 202 6 3 391 235
202 203 3 8 294 292
202 204 4 8 221 491
202 205 5 8 177 221
202 206 1 15 480 268
202 207 1 7 481 39
202 208 5 3 482 448
202 209 4 4 452 132
202 210 9 5 161 256
202 211 7 3 346 275
202 212 1 15 485 29
202 214 1 15 487 247
202 215 3 9 271 59
202 216 3 5 488 380
202 217 1 15 489 263
202 219 3 11 478 80
202 221 5 7 326 245
202 223 8 2 459 49
202 227 6 8 390 496
202 233 9 4 499 183
202 237 2 17 498 284
202 240 5 8 441 2
202 245 9 4 393 280
203 48 2 2 467 243
203 49 6 7 222 21
203 50 1 19 490 454
203 52 7 8 166 375
203 54 2 4 210 284
203 190 2 4 263 280
203 194 4 7 489 268
203 202 3 3 69 144
203 216 4 11 490 227
203 219 6 6 438 41
203 232 4 9 483 438
203 237 7 8 302 295
203 240 2 18 489 112
203 245 9 7 224 345
204 50 8 7 96 128
204 190 4 6 492 117
204 203 3 13 495 368
204 219 9 5 350 163
204 221 2 12 474 449
204 232 3 12 482 133
204 237 2 17 497 155
204 245 6 9 261 124
205 51 8 9 130 328
205 190 3 8 491 362
205 209 5 7 432 368
205 219 2 16 492 428
205 221 5 5 455 74
205 228 9 9 204 368
205 232 7 7 354 250
205 235 7 6 500 447
205 237 9 7 264 272
205 240 2 18 478 311
206 46 4 7 489 122
206 50 7 4 193 260
206 190 6 8 245 62
206 192 7 9 187 445
206 193 2 14 421 192
206 194 2 14 486 479
206 195 10 3 394 37
206 196 8 8 185 446
206 198 7 10 170 167
206 200 2 12 497 107
206 201 2 12 498 246
206 202 10 5 431 144
206 203 5 8 482 156
206 204 7 5 343 160
206 205 7 4 429 36
206 206 2 13 463 330
206 207 10 3 465 138
206 208 6 5 466 28
206 210 9 4 432 467
206 211 2 16 487 416
206 212 10 7 223 212
206 213 7 7 319 329
206 214 6 9 290 327
206 215 8 7 280 4
206 216 4 8 491 299
206 220 9 7 449 174
206 221 7 8 203 40
206 228 9 4 458 429
206 232 7 5 495 200
206 235 7 8 376 223
206 237 5 7 475 277
206 242 5 5 66 411
206 245 2 15 467 466
207 47 8 10 91 188
207 51 4 5 470 334
207 53 7 5 467 308
207 190 4 8 71 23
207 191 10 6 226 198
207 194 6 5 453 381
207 195 4 7 486 170
207 196 7 4 487 489
207 198 3 10 456 316
207 199 2 14 489 250
207 200 2 14 490 405
207 201 2 14 491 98
207 202 2 14 492 474
207 203 6 7 459 183
207 204 2 14 493 348
207 205 6 5 500 294
207 206 9 5 334 75
207 207 4 8 470 139
207 208 4 9 418 202
207 210 2 16 472 121
207 213 3 11 458 460
207 219 2 3 442 115
207 221 2 12 473 264
207 222 4 7 209 350
207 229 16 9 215 268
207 232 6 7 412 394
207 237 10 4 415 430
207 240 8 6 357 294
207 242 7 5 433 244
207 244 7 4 230 373
207 245 4 7 500 422
208 47 8 5 181 346
208 48 2 11 491 291
208 50 7 5 155 164
208 190 4 6 476 468
208 193 19 5 120 433
208 194 4 1 147 216
208 202 3 15 479 319
208 203 1 10 481 325
208 209 2 5 248 350
208 212 8 10 269 274
208 213 9 5 253 36
208 216 2 12 474 284
208 217 4 6 473 156
208 221 9 7 180 113
208 223 5 5 450 83
208 224 9 4 312 223
208 225 2 12 467 105
208 226 5 5 448 345
208 228 3 8 465 246
208 229 2 12 464 179
208 230 2 12 463 161
208 231 4 6 462 496
208 232 5 7 494 456
208 233 5 4 500 322
208 234 3 8 416 142
208 236 6 4 415 318
208 237 2 17 488 354
208 239 7 8 177 396
208 240 2 18 475 152
208 241 2 8 481 378
208 243 2 8 479 22
208 245 2 16 437 169
208 246 1 7 54 132
209 48 8 6 225 368
209 190 1 8 457 415
209 194 10 1 234 299
209 203 3 13 493 329
209 209 8 9 100 63
209 219 6 10 44 449
209 221 2 6 493 427
209 228 6 7 391 411
209 232 2 18 480 286
209 237 3 11 488 466
209 245 3 9 450 67
210 46 7 5 391 454
210 51 6 4 481 115
210 54 10 5 436 235
210 190 2 8 228 162
210 203 8 10 240 25
210 209 5 6 221 405
210 219 2 8 163 400
210 222 13 2 500 126
210 227 2 19 494 347
210 228 10 4 410 191
210 237 2 17 473 242
210 240 6 6 473 60
210 245 2 13 467 137
211 44 15 9 103 120
211 50 1 5 421 91
211 54 4 4 131 315
211 190 2 4 455 246
211 194 3 3 187 439
211 203 2 18 483 373
211 216 8 6 450 286
211 228 3 11 496 216
211 232 4 9 478 326
211 240 8 8 266 387
212 44 8 5 496 407
212 49 9 8 275 38
212 50 9 7 87 374
212 51 6 9 366 143
212 53 4 8 485 28
212 54 9 9 269 266
212 55 3 6 437 35
212 203 14 6 204 186
212 209 5 10 132 157
212 217 5 7 488 230
212 220 9 6 83 498
212 221 6 5 177 308
212 222 2 18 474 1
212 223 7 5 487 201
212 224 4 9 473 488
212 225 8 5 425 257
212 227 6 8 337 477
212 228 2 17 475 275
212 229 3 11 489 84
212 230 4 9 448 366
212 233 2 18 447 143
212 235 6 8 335 304
212 236 6 7 382 49
212 237 2 17 471 352
212 238 8 10 200 105
212 239 9 7 253 133
212 240 7 5 455 244
212 241 6 7 379 43
212 242 19 2 127 344
212 243 2 19 409 39
212 244 2 13 466 10
212 245 9 8 168 311
212 246 5 7 28 291
212 248 3 5 65 182
213 48 7 6 226 381
213 51 9 3 496 84
213 190 4 9 101 338
213 191 12 3 483 174
213 194 1 5 31 300
213 213 9 4 482 272
213 215 10 4 433 121
213 216 4 8 168 235
213 219 2 10 104 477
213 221 2 2 7 329
213 225 6 6 481 41
213 226 2 18 480 397
213 228 7 5 492 50
213 230 8 5 430 17
213 231 10 20 484 482
213 232 6 6 477 216
213 234 2 18 476 209
213 235 9 4 475 421
213 237 7 6 406 114
213 239 2 19 448 373
213 241 6 6 472 408
213 243 8 8 265 458
213 244 8 9 235 364
213 245 4 8 158 190
213 246 3 2 54 37
214 54 4 11 495 305
214 55 7 3 374 367
214 191 5 4 182 349
214 192 5 3 243 93
214 193 2 7 261 296
214 194 9 6 164 421
214 195 3 6 493 243
214 197 5 4 445 50
214 198 7 4 318 383
214 199 6 9 165 317
214 200 2 9 496 112
214 201 3 6 497 52
214 202 7 8 160 183
214 203 3 6 498 301
214 208 6 8 248 5
214 209 2 12 497 6
214 212 2 12 499 169
214 214 6 5 401 480
214 215 10 3 402 362
214 216 8 8 338 232
214 217 2 13 466 357
214 218 3 9 449 424
214 221 2 3 105 236
214 223 4 7 127 168
214 227 10 3 491 401
215 45 10 4 61 190
215 46 5 10 211 12
215 47 19 14 389 166
215 48 4 6 471 103
215 49 9 5 252 294
216 47 3 5 482 113
216 53 6 9 287 188
216 54 4 11 494 269
217 46 10 9 152 28
217 50 4 16 345 474
217 51 5 6 447 86
217 53 9 4 429 43
217 54 5 9 483 196
217 55 6 4 327 395
218 46 7 4 199 60
218 47 5 8 180 239
218 48 3 7 450 335
218 51 7 4 479 465
218 53 8 10 193 225
218 54 6 9 402 207
218 55 10 8 98 145
219 44 7 2 162 405
219 47 6 3 398 369
219 53 9 7 244 205
219 54 7 8 387 43
219 55 5 8 192 66
220 46 8 9 77 434
220 47 7 3 341 282
220 48 3 7 448 174
220 53 8 10 138 238
220 54 10 5 433 311
220 55 1 16 478 428
221 47 4 6 298 34
221 50 4 6 428 234
221 53 2 8 481 462
221 54 10 10 216 242
221 55 6 7 182 222
222 46 2 10 275 128
222 48 9 8 130 41
222 53 9 2 417 104
222 54 8 1 102 499
222 55 4 9 212 64
223 48 9 2 228 137
223 51 5 8 109 391
223 53 17 1 449 435
223 54 3 5 54 98
224 47 4 6 297 433
224 55 8 6 158 118
225 45 5 6 149 109
225 46 3 5 190 407
225 47 9 7 113 142
225 51 6 6 123 148
225 54 2 7 57 210
226 47 9 1 233 409
226 50 2 8 494 272
226 53 1 1 215 360
226 54 2 1 101 255
