660 250 1000
0 224 5 3 406 134
1 193 7 10 157 297
3 12 18 14 80 238
3 62 5 19 81 18
3 190 3 10 414 175
3 205 18 8 73 255
3 219 9 6 226 335
4 181 5 6 61 375
5 11 10 16 70 110
6 68 2 18 254 222
6 138 15 13 87 274
6 147 8 14 453 3
7 37 18 1 51 373
7 143 1 10 177 415
7 176 5 19 1 12
8 52 18 17 80 187
8 141 6 6 194 232
9 130 1 14 493 88
10 132 10 14 116 453
10 142 13 1 322 313
12 236 10 5 39 159
13 205 5 9 384 155
14 1 15 11 21 26
14 111 5 3 127 347
14 180 12 1 175 269
14 223 13 5 317 39
17 76 3 12 131 56
18 160 2 5 31 30
18 228 13 15 119 247
19 11 1 4 335 18
19 153 11 11 185 93
19 161 15 14 497 139
20 112 8 8 221 150
21 13 2 1 90 132
21 25 15 10 477 475
21 28 7 6 91 286
22 126 7 10 498 94
23 36 9 8 452 117
23 56 11 10 43 189
23 206 1 7 478 127
24 217 20 4 413 108
25 28 6 14 424 103
27 53 4 12 123 237
27 75 3 8 6 357
28 24 2 3 276 282
29 165 9 19 107 325
30 110 7 1 499 210
31 28 6 6 292 175
31 118 5 20 207 288
32 4 12 9 75 149
32 192 2 6 124 334
33 32 18 18 209 440
34 71 3 4 349 298
34 90 3 17 268 325
35 53 13 15 228 37
35 70 7 18 500 146
35 93 11 19 189 493
35 180 3 1 209 487
35 198 7 5 57 250
36 80 11 2 84 499
36 108 8 15 47 379
37 78 12 10 64 417
37 223 15 1 500 316
38 152 13 19 273 340
38 213 17 18 174 66
39 7 11 4 409 216
39 51 9 20 456 305
40 17 11 18 308 271
40 111 14 15 109 459
40 151 5 2 63 178
41 100 5 11 114 99
41 122 9 14 437 214
41 157 9 10 464 378
41 227 4 19 114 41
42 24 4 18 21 185
42 108 9 20 109 136
42 176 1 15 110 167
43 159 8 2 179 59
44 133 2 13 204 363
46 44 3 13 4 7
46 144 18 14 139 183
47 34 20 3 47 242
47 83 2 2 214 43
48 29 4 12 305 303
48 33 11 11 396 425
48 166 10 15 26 98
50 73 14 14 77 336
50 210 5 18 406 370
51 60 8 18 284 267
52 14 16 10 260 41
52 19 7 11 183 224
52 37 17 4 400 183
53 209 12 15 141 355
55 68 15 13 338 291
55 128 13 5 87 387
55 195 12 9 355 263
55 208 8 2 324 297
55 235 9 15 384 279
56 117 11 1 237 391
57 142 2 7 161 84
57 162 5 14 248 222
57 172 18 1 229 25
59 7 15 4 108 199
59 59 7 19 60 223
59 108 9 15 191 241
62 49 15 6 192 165
64 113 11 20 182 496
64 188 18 14 441 301
65 58 9 9 222 409
65 221 11 8 17 192
66 133 3 12 464 162
67 26 12 2 310 227
67 151 16 20 96 419
68 37 6 13 316 364
68 47 13 7 111 257
69 136 19 9 398 488
70 150 5 10 60 285
71 38 20 14 118 78
71 41 16 9 37 183
71 155 11 6 390 3
72 24 17 17 144 317
72 94 5 11 371 201
73 105 6 16 56 305
73 135 17 13 186 8
75 40 3 10 293 304
75 205 1 4 142 226
76 11 12 15 214 45
76 80 2 13 177 468
76 122 14 18 320 292
76 178 18 19 42 36
77 168 4 20 500 202
77 236 20 5 180 299
78 112 9 10 452 476
79 80 14 11 392 217
79 137 1 2 100 253
79 184 6 7 144 341
80 72 10 8 408 33
80 92 3 8 242 116
80 106 11 17 149 479
81 44 15 8 243 205
81 143 13 2 39 405
81 215 12 20 343 412
82 118 20 3 455 17
84 71 14 9 313 151
84 87 18 6 53 87
84 182 15 3 472 42
85 159 19 2 240 303
87 78 6 9 9 464
87 152 1 3 218 39
88 133 18 4 299 375
89 86 14 20 374 292
90 78 16 20 223 447
91 19 5 3 95 394
91 22 12 16 38 320
91 42 17 4 56 116
91 87 13 7 15 38
91 133 4 2 52 141
92 205 18 10 87 70
93 120 10 19 351 452
94 88 1 15 146 73
94 176 4 13 453 437
94 209 10 6 447 53
95 83 7 6 14 87
95 184 1 6 177 425
96 155 2 2 277 20
97 85 18 1 438 352
97 106 2 11 190 426
98 108 13 13 255 119
100 234 2 6 495 62
103 243 5 7 326 458
104 47 5 17 162 196
104 185 11 20 260 291
104 249 19 14 222 327
105 180 14 20 386 412
106 106 10 12 187 134
106 115 6 9 28 447
106 136 17 9 310 291
106 171 1 7 32 262
106 172 18 9 94 323
107 23 6 16 73 353
107 183 16 18 60 105
107 246 17 7 258 129
109 110 17 9 437 296
109 217 13 2 13 64
110 42 16 13 266 217
111 85 12 11 3 444
111 118 13 7 453 298
112 19 4 1 179 73
112 75 19 12 169 222
115 104 6 20 231 150
115 213 4 16 160 267
116 8 1 9 200 72
118 22 7 7 339 29
118 126 5 7 394 8
118 149 16 20 260 446
119 62 9 18 437 340
119 65 6 9 159 335
119 83 3 16 117 46
119 157 3 4 17 421
119 234 12 5 3 422
120 112 1 11 327 51
123 168 3 9 316 446
123 170 14 16 258 155
124 40 11 1 338 369
124 152 13 6 24 64
125 120 18 7 153 409
126 67 18 16 404 458
126 221 17 13 295 49
127 91 4 16 14 204
128 38 5 4 288 281
128 52 18 19 233 366
128 58 19 4 15 333
129 114 8 14 292 312
130 67 8 8 416 252
130 140 5 9 225 185
130 141 4 1 376 236
130 142 7 3 484 349
130 143 3 7 485 214
130 145 9 9 126 242
130 146 3 7 487 99
130 147 2 19 270 112
130 149 3 8 429 24
130 151 6 4 430 348
130 152 3 9 383 170
130 160 9 8 151 21
130 165 5 5 479 242
131 8 14 14 476 414
131 156 7 9 166 225
131 159 9 3 87 355
131 166 9 2 121 311
131 197 7 19 251 384
132 66 9 7 261 287
132 142 10 10 82 141
132 143 1 17 483 292
132 144 1 17 484 27
132 145 5 5 330 247
132 146 6 4 344 327
132 147 10 7 210 497
132 149 10 8 184 209
132 151 1 3 72 248
132 152 5 6 491 255
132 156 5 8 369 13
132 159 8 5 170 434
132 161 4 8 121 36
133 144 2 11 470 201
133 151 9 9 100 83
133 156 2 11 476 287
133 157 1 7 226 404
133 161 2 4 485 83
133 166 4 4 137 368
134 2 19 13 496 2
134 144 2 11 471 39
134 151 8 5 203 330
134 156 9 3 388 445
134 157 4 7 475 223
134 160 7 11 472 412
134 161 3 1 278 96
134 166 2 7 157 137
135 144 7 10 149 71
135 151 5 7 233 438
135 161 6 4 163 347
135 166 3 7 206 129
136 29 5 12 175 99
136 73 5 1 16 26
136 144 5 5 418 62
136 151 1 17 480 323
136 156 3 4 216 297
136 159 4 4 431 188
136 161 10 2 196 473
136 166 5 2 433 124
136 226 2 16 285 355
137 72 20 19 170 318
137 143 6 6 186 209
137 144 5 5 419 113
137 145 8 7 245 155
137 147 4 2 382 446
137 148 3 10 459 224
137 149 5 9 307 449
137 150 2 14 494 352
137 151 8 7 248 489
137 152 8 6 290 57
137 153 2 14 498 90
137 156 8 7 244 129
137 157 3 9 494 463
137 161 9 3 146 282
137 166 2 5 434 425
137 169 5 3 206 470
138 144 4 6 437 92
138 151 4 7 497 484
138 156 7 4 489 426
138 157 7 4 477 394
138 159 1 14 495 24
138 161 5 2 395 339
138 214 3 12 298 64
138 239 12 17 479 59
139 151 3 10 464 156
139 156 7 10 196 59
139 157 8 8 209 184
139 159 5 4 347 284
139 161 5 2 469 219
140 144 5 9 234 17
140 150 7 5 462 65
140 151 3 10 465 410
140 156 3 10 458 461
140 157 9 8 186 415
140 159 3 5 463 462
140 161 1 10 470 74
140 166 6 8 209 471
140 177 17 2 143 37
141 141 3 10 92 118
141 144 4 9 293 481
141 145 10 9 133 471
141 146 6 4 499 216
141 148 4 6 500 414
141 149 2 13 462 426
141 150 7 17 131 270
141 151 7 4 499 134
141 154 7 6 287 203
141 157 5 6 447 266
141 158 5 20 75 393
141 159 1 14 497 190
141 160 9 9 448 42
141 161 1 10 471 58
141 166 8 3 419 150
141 168 8 4 379 315
141 171 9 3 450 442
141 231 13 5 170 114
142 23 11 12 55 179
142 144 10 3 352 309
142 156 7 4 492 101
142 157 9 6 249 402
142 159 5 3 464 345
142 161 1 10 472 290
143 65 8 9 465 12
143 144 7 5 302 405
143 151 3 10 467 40
143 157 2 14 481 223
143 159 2 7 498 329
143 161 8 7 233 430
143 164 1 1 308 483
143 166 5 8 455 447
144 9 16 18 75 358
144 144 2 11 481 48
144 150 10 4 403 168
144 151 5 6 468 468
144 156 2 14 494 194
144 157 3 9 499 354
144 159 10 3 233 495
144 161 4 7 474 252
145 141 8 4 438 451
145 144 3 8 441 141
145 151 7 5 434 79
145 156 2 16 433 232
145 157 8 4 422 35
145 159 2 7 500 475
145 166 7 6 435 33
146 11 18 11 331 24
146 132 18 6 267 99
146 142 3 7 475 385
146 143 9 7 159 328
146 144 2 11 482 269
146 145 2 11 457 28
146 147 8 5 252 376
146 148 1 5 459 388
146 151 3 11 461 385
146 156 2 14 495 234
146 157 2 14 483 150
146 159 5 10 178 137
146 160 3 7 114 386
146 161 2 18 454 351
146 166 6 7 436 115
146 167 16 2 316 425
147 57 5 18 377 296
147 132 14 15 326 376
147 144 2 11 489 71
147 151 8 8 238 330
147 156 3 10 463 498
147 157 6 9 251 11
147 159 1 18 496 414
147 161 4 9 455 105
147 198 7 18 17 339
147 210 5 13 160 482
148 94 6 19 339 153
148 136 5 17 275 356
148 144 5 5 431 203
148 151 4 8 477 254
148 156 2 14 497 234
148 157 7 8 243 123
148 161 2 17 482 398
148 166 4 10 459 270
149 143 9 5 223 470
149 144 9 3 400 54
149 151 5 7 437 149
149 153 8 9 139 423
149 154 2 6 433 491
149 155 8 8 81 371
149 156 2 14 498 158
149 157 6 7 325 87
149 158 5 4 256 289
149 159 2 9 498 27
149 160 10 3 170 128
149 161 2 17 483 191
149 162 3 8 211 392
149 164 6 3 165 392
149 165 4 2 370 305
149 166 2 19 484 248
149 167 1 6 427 195
149 168 6 6 71 314
149 169 10 2 126 124
149 192 1 14 103 365
149 213 8 14 402 243
150 145 6 7 231 342
150 148 3 1 353 468
150 149 10 5 127 438
150 151 2 18 489 170
150 156 2 14 499 137
150 157 4 7 488 193
150 159 4 8 281 57
150 160 5 7 491 118
150 161 1 13 484 364
150 162 2 7 449 150
150 163 3 5 419 426
150 164 1 13 483 167
150 165 5 5 251 259
150 166 8 5 460 146
150 167 6 7 149 78
150 168 3 10 107 277
150 170 1 2 55 169
151 144 8 4 496 490
151 151 7 6 420 261
151 156 3 10 466 405
151 157 4 7 489 224
151 160 6 10 286 429
151 161 5 10 329 124
151 166 2 19 485 133
152 52 12 14 320 82
152 82 7 17 119 16
152 144 5 9 353 256
152 145 6 8 445 161
152 151 7 8 316 484
152 156 10 3 467 61
152 157 4 7 490 56
152 159 3 7 429 8
152 161 3 11 499 221
153 141 6 7 333 301
153 144 3 11 482 244
153 151 5 8 443 189
153 159 7 3 430 269
153 166 5 8 461 92
153 182 18 12 487 292
153 185 12 2 463 212
154 30 2 9 290 9
154 141 8 7 249 344
154 142 7 3 403 121
154 143 1 17 498 415
154 144 3 8 353 247
154 145 7 6 234 457
154 147 10 7 141 357
154 148 1 20 494 441
154 149 9 4 275 273
154 150 2 17 474 65
154 151 8 5 444 312
154 156 7 7 287 231
154 157 2 14 491 300
154 159 6 7 225 4
154 165 14 5 142 108
154 166 5 8 462 368
154 171 3 4 185 350
155 150 9 5 358 471
155 151 2 18 494 150
155 156 2 15 490 317
155 159 5 4 473 166
155 161 2 17 486 46
155 166 5 8 463 339
156 141 2 14 497 250
156 156 2 15 491 56
156 157 9 4 394 159
156 159 9 8 132 472
156 161 4 10 414 389
156 231 17 1 435 127
157 51 1 6 190 227
157 141 2 14 496 159
157 144 4 8 498 104
157 156 2 18 410 83
157 157 2 15 473 382
157 159 5 4 476 384
157 160 10 5 342 12
157 161 2 17 488 15
158 151 9 5 397 350
158 156 3 10 493 140
158 157 8 4 444 53
158 159 8 6 199 363
158 166 3 3 443 464
159 71 10 17 191 310
159 141 3 10 462 128
159 152 3 17 478 220
159 153 3 17 477 356
159 154 6 9 450 296
159 159 6 4 399 227
159 160 9 6 449 283
159 161 3 17 475 357
159 162 3 17 474 325
159 163 3 17 473 392
159 164 10 10 241 417
159 165 1 15 488 486
159 167 1 11 498 46
159 168 4 9 152 301
159 191 5 19 92 452
160 129 14 1 326 448
160 132 8 2 355 231
160 141 8 7 247 250
160 144 7 5 456 20
160 156 8 4 463 434
160 157 1 1 165 124
160 186 19 19 195 386
160 197 9 18 95 67
161 123 12 9 62 493
161 139 9 5 227 450
161 141 2 3 461 198
161 142 2 11 465 436
161 143 8 3 427 69
161 144 2 11 466 386
161 148 6 4 487 231
161 149 9 5 260 433
161 150 9 3 434 486
161 151 3 12 497 180
161 152 3 8 490 267
161 153 9 6 218 190
161 154 6 9 219 328
161 155 2 12 493 226
161 156 5 6 494 11
161 159 4 2 22 386
161 166 8 5 466 69
162 27 13 6 63 436
162 58 2 20 49 93
163 141 7 4 493 387
163 157 9 4 431 53
163 166 5 8 467 213
164 141 4 7 492 441
164 150 6 6 447 350
164 156 10 4 371 307
164 160 1 9 422 96
164 229 11 6 200 426
165 45 6 19 450 24
165 50 15 1 215 183
165 132 7 8 356 77
165 140 7 5 461 281
165 141 8 10 172 71
165 143 7 5 460 129
165 145 2 3 213 371
165 150 10 6 268 241
165 160 9 18 422 147
165 161 7 7 495 499
165 162 9 4 445 347
165 163 9 8 222 197
165 164 1 14 472 52
165 165 4 10 165 60
165 166 3 7 222 58
165 167 4 8 129 192
165 170 5 8 44 14
165 233 9 14 214 60
166 141 3 10 457 304
166 150 5 5 478 398
166 237 14 18 58 454
167 57 6 6 214 453
167 141 2 14 489 450
167 145 7 7 434 428
167 161 5 10 486 215
167 193 16 16 123 242
168 139 3 1 36 55
168 141 9 8 190 329
168 142 3 4 493 474
168 145 9 5 472 428
168 147 2 6 497 399
168 150 3 8 496 154
168 151 5 8 150 197
168 152 5 6 201 404
168 157 4 5 433 366
168 159 9 6 125 136
168 160 3 9 467 199
168 161 5 4 434 25
168 171 10 6 175 225
168 214 7 14 102 147
169 79 6 20 396 370
169 141 4 7 487 85
169 150 10 3 396 449
169 151 8 8 280 464
169 160 5 6 420 485
170 84 11 6 23 477
170 98 2 19 376 174
170 137 8 12 272 212
170 141 4 7 486 489
170 145 9 5 471 87
170 150 7 8 212 190
171 145 3 15 470 336
171 160 7 7 257 228
172 145 8 6 440 24
172 150 9 4 327 384
172 159 12 9 89 467
172 160 2 13 483 414
173 86 10 1 451 411
173 91 13 13 422 182
173 102 2 7 82 251
173 140 6 2 211 93
173 141 2 14 484 475
173 142 1 6 423 19
173 143 6 1 424 446
173 144 9 10 86 443
173 145 3 16 439 257
173 146 3 6 431 210
173 147 5 5 311 60
173 149 5 9 227 179
173 151 5 8 449 188
173 152 7 4 422 149
173 159 1 1 232 482
173 160 4 8 376 469
173 163 10 10 171 124
173 170 7 5 489 37
174 44 9 12 155 52
174 139 7 3 458 360
174 144 7 5 40 236
174 145 3 16 438 346
174 146 4 7 343 270
174 148 9 4 266 32
174 150 7 6 208 396
174 157 3 7 455 152
174 158 8 8 149 138
174 160 2 20 300 317
174 162 4 3 465 478
174 164 7 2 397 339
174 165 3 4 462 443
174 166 5 2 425 345
174 168 4 2 221 91
174 170 10 2 51 158
174 221 19 6 491 141
175 49 13 6 367 484
175 67 7 17 497 338
175 145 3 14 500 489
175 150 5 7 249 434
175 160 2 12 499 261
175 166 8 5 468 331
175 197 6 14 105 108
176 141 2 14 482 89
176 145 6 7 499 184
176 150 1 18 483 450
176 160 3 8 498 321
177 68 11 13 48 259
177 141 8 6 281 239
177 145 7 6 498 412
177 160 8 4 373 403
177 189 12 8 3 282
178 140 3 9 459 488
178 141 5 4 168 70
178 148 2 3 355 294
178 150 4 3 495 412
178 152 5 5 481 10
178 153 4 7 429 246
178 157 2 12 500 248
178 158 2 12 499 22
178 159 4 6 498 107
178 160 9 3 442 65
178 162 2 12 496 269
178 163 2 12 495 182
178 164 7 6 277 303
178 166 7 7 237 104
178 168 9 4 73 242
178 169 3 10 279 203
179 68 19 14 494 240
179 141 1 12 473 55
179 145 6 7 497 164
179 156 10 8 310 196
179 160 2 5 247 312
179 166 10 6 313 140
180 12 3 7 74 23
180 141 9 9 70 3
180 145 10 8 226 421
180 160 4 7 88 157
180 179 2 9 443 428
181 141 2 6 379 29
181 150 6 2 301 4
182 115 2 3 240 466
182 141 8 9 63 341
182 145 9 9 222 239
183 150 8 2 225 306
183 160 7 7 50 111
184 52 20 1 31 26
184 141 1 4 42 183
184 144 14 3 60 399
184 150 6 1 57 72
184 184 2 8 299 438
185 150 6 6 425 82
185 155 8 4 478 468
185 156 2 20 382 392
185 157 2 16 477 160
185 158 9 7 242 380
185 159 1 14 499 283
185 160 3 5 465 216
185 161 9 2 387 173
185 162 2 7 497 159
185 164 3 7 314 190
185 166 6 5 219 306
185 167 8 2 410 72
185 168 8 7 117 236
185 169 5 5 72 415
186 90 1 16 19 298
186 161 10 19 135 443
187 183 4 10 500 297
187 187 2 20 499 430
187 188 9 5 443 168
187 189 9 5 442 473
187 191 8 5 497 246
187 192 9 5 441 425
187 194 9 10 220 294
188 173 1 6 222 43
188 174 10 4 144 348
188 175 1 6 481 435
188 178 4 5 291 380
188 190 7 3 38 144
188 191 4 7 43 495
188 195 14 5 102 398
189 119 9 6 155 482
189 173 6 9 186 53
189 175 10 5 118 341
189 194 3 5 221 146
190 177 7 5 166 256
190 180 1 5 97 316
190 182 4 3 499 257
190 185 5 7 171 379
190 186 2 3 199 253
190 188 1 10 465 288
190 189 4 7 166 151
190 190 5 2 463 165
190 191 2 6 385 68
190 192 6 8 96 14
190 194 9 2 185 238
190 234 14 4 220 119
191 78 9 10 188 174
191 169 18 9 440 204
191 175 6 5 198 82
191 177 7 6 230 16
191 180 2 4 248 345
191 190 3 4 89 29
191 191 4 3 386 490
192 173 7 4 360 139
192 174 8 1 344 86
192 175 1 12 496 201
192 177 2 3 346 496
192 178 8 2 174 305
192 180 5 6 223 116
192 184 3 7 36 224
192 185 9 5 241 109
192 187 2 11 493 184
192 190 5 4 281 114
192 194 7 6 259 82
193 154 11 15 329 237
193 173 2 11 459 141
193 175 1 12 497 195
193 177 5 5 388 168
193 180 2 9 372 229
193 191 1 11 494 98
193 194 9 5 242 83
193 238 1 13 59 8
194 59 14 7 405 120
194 162 1 9 426 243
194 174 3 9 279 94
194 175 1 16 471 210
194 177 2 10 486 113
194 178 8 6 158 3
194 179 6 9 231 4
194 180 9 8 211 257
194 188 8 6 317 154
194 194 1 10 116 48
195 4 4 12 462 221
195 88 12 3 272 74
195 173 2 13 390 479
195 175 9 5 168 169
195 190 2 8 353 483
195 191 4 10 152 429
195 194 4 9 470 38
196 127 3 17 97 1
196 173 3 7 483 499
196 175 7 6 181 462
196 177 7 7 199 439
196 182 4 9 387 235
196 187 9 8 151 434
196 190 5 3 377 167
196 194 6 6 471 40
197 128 4 13 463 4
197 173 2 11 462 324
197 175 3 6 423 271
197 177 10 7 140 89
197 180 4 8 476 443
197 190 3 4 472 424
197 191 6 3 352 225
197 194 2 17 499 333
198 47 17 20 133 338
198 153 8 6 102 183
198 173 2 11 463 201
198 180 2 20 381 227
198 190 5 5 227 408
198 199 11 18 94 347
198 221 2 5 65 351
199 135 4 1 199 124
199 158 4 11 398 124
199 173 2 11 464 339
199 174 9 5 251 318
199 175 4 4 477 196
199 182 9 9 139 54
199 183 6 10 187 202
199 185 5 3 106 473
199 186 1 13 487 51
199 187 8 5 158 226
199 188 4 3 338 467
199 189 3 7 193 222
199 190 5 5 228 331
199 191 4 6 265 236
199 192 3 2 119 365
199 194 2 18 473 257
200 84 2 10 75 191
200 173 8 6 213 146
200 182 7 9 221 183
200 191 2 9 354 212
200 194 7 5 487 20
201 180 8 4 477 327
201 190 2 6 476 94
201 191 1 13 491 321
202 173 4 6 427 440
202 179 10 5 309 345
202 180 2 11 489 84
202 181 2 11 488 9
202 182 5 5 429 342
202 185 9 7 170 490
202 187 4 6 17 466
202 188 10 5 101 295
202 189 1 7 85 103
202 190 1 12 477 230
202 191 8 8 206 204
202 194 2 1 20 200
203 74 12 3 175 231
203 173 5 7 293 89
203 174 8 5 90 466
203 175 5 2 361 245
203 176 3 2 167 331
203 177 6 8 225 314
203 178 8 3 451 336
203 179 9 3 401 327
203 180 9 5 241 160
203 181 6 9 201 484
203 182 9 9 135 256
203 185 10 5 219 60
203 186 7 4 392 161
203 188 9 7 226 57
203 194 6 6 474 120
204 176 4 6 498 172
204 177 5 2 135 446
204 180 3 11 463 203
204 183 2 12 497 112
204 184 2 4 298 172
204 185 6 9 231 182
204 186 4 10 296 442
204 187 8 6 246 44
204 188 5 8 295 412
204 189 2 12 491 222
204 190 2 12 487 29
204 191 9 3 432 40
204 192 9 7 185 16
204 194 7 2 152 236
205 5 4 20 144 389
205 79 6 19 375 269
205 180 5 7 437 222
205 185 3 9 461 301
205 187 7 4 386 236
205 191 1 1 17 272
205 241 12 19 389 495
206 185 7 4 444 310
206 188 13 6 451 168
206 191 9 9 240 273
207 182 5 10 278 259
207 185 3 8 498 118
207 187 2 11 491 459
207 194 8 9 238 67
208 177 5 11 34 426
208 185 5 5 478 373
208 187 5 8 270 331
208 215 13 19 353 438
209 76 16 6 266 269
209 77 18 1 124 377
209 173 3 5 74 140
209 174 5 5 45 53
209 175 17 7 262 385
209 177 1 10 97 356
209 178 5 10 108 209
209 184 7 2 388 223
209 185 6 9 221 31
209 187 3 8 449 249
209 191 3 13 499 241
210 173 7 7 210 105
210 182 5 7 397 297
210 185 5 5 433 253
210 187 2 11 489 126
210 191 5 8 487 434
211 175 12 2 319 469
211 180 2 14 471 42
211 182 3 10 462 50
211 183 10 7 188 29
211 184 9 9 134 127
211 186 8 4 337 210
211 188 4 6 447 81
211 189 10 7 153 14
211 190 6 4 239 136
211 191 6 2 199 166
211 192 6 2 198 437
212 110 11 19 278 306
212 173 3 8 429 37
212 182 8 5 346 461
212 185 3 7 481 393
212 187 4 7 358 195
213 185 10 9 112 174
213 187 6 6 278 251
214 182 10 3 461 8
214 185 2 11 457 102
214 213 8 20 488 175
215 58 1 16 458 146
215 185 6 4 418 265
215 187 3 7 476 338
216 25 8 9 17 365
216 154 4 12 15 445
216 173 7 6 120 416
216 177 8 3 451 455
216 182 3 2 251 223
216 183 9 9 124 88
216 186 6 4 416 307
216 187 1 20 499 460
216 189 10 5 199 92
216 192 7 4 44 260
216 194 4 7 43 158
217 66 16 8 330 2
217 76 19 6 178 124
217 185 4 3 164 439
218 18 18 5 427 320
218 117 17 8 342 88
218 178 9 11 277 318
218 182 9 4 177 365
218 187 5 3 5 212
218 222 4 18 99 120
219 148 19 5 214 385
219 191 9 5 433 396
219 233 2 16 22 274
220 183 6 20 208 475
220 232 19 4 398 115
222 61 12 15 367 366
222 64 3 1 257 282
222 178 16 10 206 63
222 182 8 10 88 412
222 209 16 12 288 342
223 7 15 15 273 285
224 160 14 3 98 266
224 187 10 9 391 69
224 241 4 12 235 462
225 10 12 9 240 69
225 36 6 8 363 263
225 93 17 16 53 186
225 167 11 15 466 410
225 232 16 16 19 230
226 177 17 1 220 462
226 236 10 15 415 185
227 195 13 16 101 412
228 42 15 1 59 145
228 70 7 12 33 247
231 74 19 1 316 52
232 163 2 6 219 403
233 221 6 15 206 23
234 97 14 5 114 443
234 204 16 6 17 480
235 110 15 4 193 125
235 134 7 15 325 318
236 3 19 20 338 74
236 49 13 11 156 464
236 222 1 17 203 378
237 63 11 16 231 254
237 105 19 19 476 264
238 83 10 4 375 211
239 19 11 16 349 382
240 97 19 8 456 474
240 106 12 2 444 37
240 209 10 4 488 340
241 144 12 11 30 42
242 3 7 8 451 63
242 45 10 8 435 112
242 210 11 14 354 174
244 97 13 2 255 377
244 152 1 13 10 40
245 72 1 3 60 371
245 91 13 7 418 497
245 247 5 15 189 497
246 6 17 12 304 305
246 66 1 6 305 444
246 247 5 7 395 316
247 82 4 16 227 142
247 94 3 1 392 445
