660 250 1000
0 131 20 10 166 72
0 138 2 5 91 91
0 155 3 10 451 30
0 161 4 7 482 60
0 163 5 6 449 201
0 164 5 9 299 40
0 167 9 4 336 498
0 168 2 13 465 139
0 170 2 13 464 356
0 171 2 13 463 322
0 175 3 8 498 231
0 178 6 4 495 157
0 179 2 12 494 185
0 180 3 8 493 305
0 182 1 20 500 281
0 185 9 3 369 392
0 186 2 10 498 1
0 188 1 20 497 28
0 189 4 5 496 409
0 191 6 4 411 66
0 194 9 6 182 30
0 196 8 1 154 292
1 131 9 5 236 93
1 138 4 10 7 335
1 150 9 4 488 82
1 157 9 5 175 107
1 159 5 7 418 137
1 160 5 6 487 394
1 161 5 10 292 462
1 168 5 6 484 450
1 169 2 15 483 330
1 170 4 8 452 376
1 171 2 15 482 45
1 172 5 6 481 199
1 173 2 17 424 494
1 174 2 15 480 190
1 175 2 15 479 315
1 178 2 17 421 314
1 179 4 8 447 352
1 180 7 6 340 69
1 181 4 9 396 315
1 182 2 15 475 17
1 184 2 15 473 212
1 185 2 18 394 49
1 187 2 15 471 256
1 188 9 8 196 130
1 189 7 2 364 206
1 190 6 8 106 453
1 191 3 7 241 64
1 196 3 1 91 147
2 158 7 7 190 423
2 185 8 9 54 500
3 143 5 10 192 250
3 151 1 8 124 213
3 154 2 8 496 269
3 158 8 9 249 203
3 160 1 4 185 180
3 163 7 9 356 454
3 166 8 8 228 223
4 131 8 8 167 404
4 154 3 6 441 93
4 157 7 3 376 213
4 158 8 5 449 469
4 160 4 8 457 71
4 166 8 4 457 439
4 168 1 9 78 429
4 172 3 15 469 336
4 173 9 8 293 62
4 175 8 6 438 435
4 176 3 14 500 359
4 177 3 14 499 368
4 178 3 14 498 348
4 179 8 6 435 426
4 181 7 6 496 135
4 182 9 10 231 31
4 183 7 7 319 336
4 184 9 4 433 464
4 187 9 10 172 52
4 188 2 19 406 138
4 189 8 4 449 198
4 190 2 18 399 271
4 191 3 10 478 93
4 193 8 4 448 195
4 194 9 9 151 447
4 195 3 2 56 56
5 131 9 4 297 353
5 142 10 10 266 201
5 143 2 10 481 269
5 144 11 8 180 488
5 147 4 7 91 224
5 153 1 7 201 64
5 154 1 16 497 93
5 155 10 3 409 366
5 157 2 8 494 205
5 158 2 18 499 290
5 163 3 15 497 269
5 165 8 9 170 133
5 166 2 15 488 323
5 167 9 3 451 130
5 170 3 9 450 97
5 171 2 13 467 499
5 172 2 13 466 47
5 174 6 3 388 420
5 175 3 6 387 101
5 179 5 3 459 78
5 181 7 3 327 119
5 182 3 5 457 81
5 183 1 14 489 70
5 184 9 8 95 151
5 185 8 6 325 231
5 186 8 6 140 319
5 187 6 6 185 342
5 190 4 6 187 422
5 192 10 3 412 68
5 193 5 6 149 376
5 194 5 3 112 332
5 195 2 4 209 214
5 196 4 3 139 179
6 132 4 7 222 137
6 135 2 7 473 175
6 137 8 6 160 263
6 138 5 4 422 182
6 140 5 9 240 72
6 143 7 10 156 58
6 144 7 5 313 127
6 145 5 10 220 36
6 147 6 4 459 225
6 148 2 12 460 17
6 149 4 9 307 217
6 150 6 9 205 325
6 151 7 5 317 7
6 152 7 4 477 204
6 154 6 7 319 155
6 158 2 18 500 460
6 161 4 7 484 437
6 163 2 15 499 357
6 168 4 8 469 118
6 185 6 6 434 179
6 191 15 5 201 115
7 147 6 12 487 95
7 151 2 12 463 392
7 154 6 5 447 332
7 158 5 8 451 434
7 160 4 8 459 153
7 166 2 15 489 85
7 169 7 8 282 478
7 170 5 7 451 377
7 171 2 20 394 185
7 174 5 5 452 224
7 175 8 10 141 166
7 177 2 11 458 43
7 178 2 11 457 457
7 179 7 7 205 198
7 181 8 2 444 109
7 182 6 7 169 423
7 183 3 6 393 109
7 184 4 8 221 421
7 185 3 11 474 490
7 186 3 7 110 24
7 187 3 12 475 305
7 190 5 4 78 278
7 191 7 4 55 86
7 193 3 4 125 269
7 196 7 2 55 323
8 135 8 7 234 315
8 136 2 14 469 213
8 137 9 3 487 416
8 138 6 10 230 317
8 139 5 6 441 500
8 141 8 4 415 340
8 144 5 6 445 26
8 145 2 14 477 421
8 146 2 14 478 285
8 147 4 18 486 159
8 150 6 5 462 111
8 153 7 10 199 223
8 157 3 10 467 239
8 160 7 5 420 77
9 132 9 9 75 460
9 133 8 2 380 384
9 134 5 9 201 454
9 136 2 10 453 352
9 137 9 3 336 385
9 138 8 4 431 138
9 140 2 10 457 500
9 141 8 3 381 21
9 143 9 7 146 263
9 144 5 5 368 411
9 145 2 10 461 14
9 147 5 4 471 342
9 150 5 9 274 263
9 151 6 6 386 292
9 152 10 6 206 437
9 153 2 13 476 291
9 155 5 5 497 154
9 158 7 6 430 300
9 159 9 7 199 276
9 160 2 15 491 202
9 161 4 7 449 73
9 165 5 6 420 475
9 166 6 5 490 463
9 189 5 9 482 467
10 131 2 11 493 400
10 154 8 9 195 165
10 158 8 5 452 330
10 160 4 8 492 446
10 162 3 13 492 379
10 187 4 9 474 145
10 189 8 6 451 73
11 142 3 18 490 151
11 148 13 3 391 356
11 153 8 4 436 491
11 157 6 9 118 353
11 158 2 19 476 219
11 161 10 9 169 78
11 162 9 8 266 277
11 164 10 4 303 109
11 166 2 15 491 56
11 167 5 10 242 335
11 168 5 5 483 487
11 170 8 5 301 15
11 171 5 5 481 373
11 172 3 9 445 138
11 174 7 6 451 178
11 176 10 5 428 126
11 177 6 3 395 394
11 178 4 4 444 343
11 182 6 3 392 100
11 184 2 8 433 465
11 186 4 5 317 75
11 190 6 6 175 314
11 191 8 8 98 491
11 192 3 9 457 249
11 193 2 2 168 21
11 196 6 1 103 50
12 136 4 4 458 155
12 138 7 4 492 158
12 145 10 8 195 129
12 147 4 18 484 411
12 153 6 5 466 133
12 155 8 5 388 413
12 156 6 6 431 193
12 161 9 5 343 134
12 164 7 8 275 57
12 165 7 6 366 388
12 166 2 16 480 485
12 168 2 16 478 414
12 169 2 17 449 234
12 170 2 16 476 180
12 171 4 8 475 149
12 173 5 9 336 244
12 174 5 7 431 96
12 175 5 8 377 41
12 176 6 8 445 446
12 177 3 11 455 471
12 181 8 10 178 214
12 184 2 15 472 132
12 185 5 7 448 326
12 186 4 10 473 446
12 187 9 4 473 198
12 188 3 9 458 387
12 190 4 7 441 135
12 193 9 7 195 132
13 142 3 18 488 294
13 147 8 9 483 405
13 151 9 4 387 363
13 158 2 19 477 452
13 174 3 13 485 298
13 186 2 19 497 210
13 189 3 15 467 242
14 131 3 2 109 397
14 133 20 4 248 314
14 138 3 10 458 53
14 142 6 9 487 102
14 147 9 8 482 107
14 153 7 6 472 50
14 160 3 14 471 163
14 166 3 11 466 101
14 169 7 6 453 187
14 170 9 6 352 119
14 172 2 19 498 106
14 175 7 6 449 173
14 176 3 15 474 497
14 179 3 9 467 67
14 182 9 9 155 496
14 184 2 12 480 273
14 185 6 4 464 255
14 187 3 12 470 244
14 188 9 5 246 149
14 189 6 7 500 252
14 191 9 3 408 171
14 192 8 8 179 80
14 194 7 7 223 473
15 131 5 8 272 140
15 147 9 8 481 298
15 151 3 10 465 340
15 157 8 9 216 483
15 162 2 19 499 300
15 163 6 8 443 180
15 174 2 9 452 180
15 186 10 6 304 437
15 187 2 17 497 90
15 192 3 8 476 115
16 142 3 18 485 54
16 154 7 8 252 348
16 162 2 19 498 398
16 163 3 15 472 70
16 174 2 9 451 498
16 187 2 19 444 411
16 189 3 14 498 198
17 136 3 5 485 50
17 142 7 8 467 351
17 148 5 5 476 118
17 151 12 6 165 482
17 163 9 5 471 159
17 164 8 5 295 420
17 172 5 5 471 333
17 173 5 10 235 81
17 174 5 9 180 358
17 176 8 6 443 88
17 179 7 5 332 496
17 180 4 6 484 226
17 183 8 5 288 470
17 184 9 3 426 450
17 185 5 7 449 298
17 187 3 12 468 128
17 188 6 4 477 169
17 189 8 7 373 115
17 190 2 12 475 325
17 192 2 12 473 450
17 193 8 6 236 284
17 194 6 2 239 220
18 136 9 8 101 19
18 138 7 4 489 345
18 147 6 12 479 41
18 151 9 7 222 393
18 153 2 20 498 117
18 157 6 7 449 416
18 163 8 5 470 414
18 167 8 9 259 50
18 169 7 7 379 182
18 170 3 13 475 438
18 172 4 10 462 284
18 173 4 10 461 113
18 175 9 8 256 2
18 176 3 13 471 116
18 178 2 19 482 446
18 179 4 10 457 335
18 180 7 6 435 37
18 183 4 10 455 73
18 184 7 6 433 443
18 186 2 20 454 398
18 188 2 17 494 62
18 190 3 12 466 446
18 191 2 17 493 466
18 192 9 4 465 291
18 195 9 8 168 81
19 138 10 6 187 87
19 146 10 7 492 399
19 147 16 9 239 449
19 160 7 7 322 199
19 163 8 8 334 176
19 164 3 3 216 441
19 171 8 8 333 78
19 176 4 11 483 459
19 178 3 15 472 8
19 179 3 15 471 198
19 180 8 7 378 485
19 182 8 7 377 304
19 184 3 15 467 137
19 185 3 14 500 404
19 186 3 14 499 403
19 188 5 9 464 89
19 189 3 15 463 307
19 191 4 2 291 149
19 192 1 5 464 416
19 193 2 3 357 342
21 210 5 7 474 117
21 214 10 9 139 479
22 217 1 6 168 158
22 231 3 1 37 415
22 240 2 2 48 420
23 216 9 10 246 390
23 218 3 3 211 147
24 204 13 3 443 262
24 213 3 8 495 38
24 217 4 9 479 481
24 218 1 4 475 158
24 220 9 4 478 85
24 221 1 5 132 374
24 224 2 18 477 61
24 225 7 5 490 174
24 226 8 6 357 386
24 227 10 6 285 330
24 231 5 7 487 212
24 232 6 6 473 220
24 233 7 6 405 241
24 234 6 6 472 38
24 236 7 10 242 416
24 238 4 5 461 194
24 239 8 3 384 496
24 240 6 7 219 154
24 241 9 3 282 66
24 242 3 6 422 41
24 243 1 16 474 42
24 244 4 4 473 218
24 245 9 8 105 198
24 248 2 9 107 367
25 207 6 6 420 496
25 209 8 9 297 198
25 211 7 7 436 115
25 217 8 6 445 335
25 225 9 7 339 319
25 227 6 8 444 455
25 228 8 6 443 365
25 229 7 7 433 107
25 231 5 9 471 273
25 235 8 7 376 2
25 237 10 9 233 41
25 239 1 17 481 196
25 240 2 9 454 94
25 241 3 6 453 164
25 243 4 5 407 399
25 244 2 9 452 252
25 246 4 9 225 281
25 248 6 7 57 133
26 199 20 10 54 170
26 200 4 6 471 43
26 210 6 9 306 34
26 214 5 10 250 393
26 217 3 15 475 264
26 218 2 6 181 296
26 226 5 6 423 145
26 227 10 10 151 217
26 230 7 4 394 189
26 231 5 9 472 67
26 232 6 5 367 426
26 234 8 3 232 132
26 236 2 7 396 453
26 238 2 10 276 50
26 242 7 6 130 182
26 245 6 5 86 339
26 247 8 6 28 134
26 248 1 6 218 100
27 202 8 3 470 221
27 207 2 16 472 152
27 210 7 5 471 343
27 213 6 8 247 246
27 215 6 6 454 360
27 219 3 10 462 186
27 226 8 5 317 487
27 227 4 9 452 297
27 229 2 17 478 237
27 234 4 9 299 70
27 235 2 11 489 335
27 236 3 8 448 474
27 237 4 6 447 261
27 238 3 8 446 87
27 239 9 6 198 19
27 241 1 19 500 292
27 242 3 7 452 81
27 244 3 7 451 485
27 245 7 6 225 255
27 246 2 10 54 179
28 200 9 8 148 361
28 202 8 8 92 225
28 203 3 4 491 38
28 207 5 8 377 35
28 208 7 10 180 247
28 209 4 7 451 246
28 210 9 4 457 137
28 213 3 8 493 177
28 214 2 13 480 246
28 216 3 9 33 339
28 219 5 6 461 12
28 232 6 8 265 51
28 244 12 8 160 211
29 198 2 7 197 287
29 200 4 2 345 196
29 201 9 3 237 294
29 202 4 4 400 285
29 204 8 4 201 157
29 205 7 2 460 450
29 206 6 4 269 313
29 208 6 6 181 454
29 209 1 14 466 301
29 210 10 9 131 134
29 215 6 4 493 467
29 216 6 12 494 446
29 217 10 3 396 243
29 218 6 4 496 237
29 234 16 7 107 347
29 245 1 5 481 56
30 198 2 3 162 399
30 200 1 5 65 113
30 203 1 9 332 80
30 204 6 4 185 251
30 209 8 2 282 391
30 210 6 9 84 208
30 211 9 2 253 304
30 212 6 2 475 205
30 213 4 6 238 24
30 215 5 3 381 122
30 216 2 10 139 277
30 219 4 7 453 150
30 228 7 7 159 189
30 245 3 2 400 38
31 198 20 7 89 296
31 202 3 9 419 257
31 214 8 7 222 431
31 217 4 4 100 416
31 219 4 7 452 497
31 223 7 6 301 284
31 224 6 5 420 158
31 228 5 6 419 99
31 231 4 11 484 496
31 234 2 13 482 348
31 235 9 8 174 239
31 236 5 10 250 305
31 237 8 4 390 165
31 238 4 7 445 137
31 240 4 13 478 306
31 241 7 4 443 483
31 242 2 13 476 368
31 243 10 5 247 494
31 244 4 5 431 173
31 245 4 5 430 468
31 247 6 3 477 169
32 202 6 8 236 397
32 214 10 9 138 67
32 219 6 10 248 94
32 221 6 5 494 250
32 227 6 5 492 482
32 228 9 7 234 358
32 230 1 17 483 391
32 231 3 9 304 298
32 233 4 9 227 245
32 235 2 9 452 75
32 236 2 9 451 493
32 237 2 9 450 43
32 238 4 7 289 206
32 239 3 6 448 148
32 241 1 17 473 321
32 242 6 4 335 61
32 243 1 17 472 421
32 244 7 8 143 174
32 245 3 3 266 269
32 247 10 1 239 377
32 248 5 4 67 112
33 137 9 4 473 214
33 169 7 10 262 402
33 204 13 3 441 228
33 214 4 1 91 364
33 216 7 11 462 470
33 217 6 9 318 281
33 223 5 9 381 410
33 225 9 6 317 77
33 226 4 10 427 388
33 227 2 18 474 71
33 228 6 7 406 179
33 229 9 4 473 467
33 231 2 17 499 21
33 232 4 9 471 218
33 233 2 20 423 265
33 235 5 9 375 184
33 236 2 17 495 292
33 239 8 5 419 163
33 240 5 10 335 431
33 241 9 8 232 293
33 242 2 17 490 366
33 243 2 17 489 270
33 245 9 10 184 32
33 247 4 2 155 88
34 130 20 4 190 214
34 131 7 8 137 278
34 135 4 4 220 135
34 152 8 2 399 417
34 158 8 5 167 291
34 177 9 8 88 489
34 178 4 6 263 150
34 179 4 4 393 191
34 183 6 3 347 333
34 186 1 10 463 276
34 188 3 4 379 474
34 189 1 10 454 200
34 190 2 5 453 346
34 191 8 2 283 133
34 192 6 2 376 212
34 195 8 2 277 471
34 196 1 9 86 123
34 198 5 5 177 144
34 199 5 4 221 180
35 143 1 7 147 186
35 149 6 4 103 325
35 174 1 3 230 116
35 183 4 5 98 29
35 184 9 2 46 445
35 196 5 4 217 65
36 135 2 4 441 121
36 143 10 3 45 357
36 155 7 6 173 46
36 169 10 3 421 334
36 171 9 7 200 12
36 172 4 7 449 85
36 173 2 13 483 467
36 177 4 7 447 348
36 179 4 7 445 317
36 180 2 13 479 82
36 181 8 7 222 167
36 182 9 3 378 386
36 183 8 5 255 430
36 187 2 11 461 297
36 192 4 4 460 381
36 193 4 6 306 372
36 194 10 3 244 82
36 195 8 8 110 374
36 196 2 8 272 336
36 198 2 5 443 250
36 200 4 10 50 168
37 131 3 6 443 455
37 132 2 9 152 169
37 147 20 10 156 376
37 149 8 5 154 68
37 159 9 4 492 491
37 166 6 9 195 93
37 171 9 7 317 299
37 173 2 20 499 213
37 176 6 7 474 434
37 177 5 8 497 42
37 178 8 9 276 401
37 179 4 10 495 213
37 180 2 20 494 166
37 182 10 4 493 470
37 184 10 7 281 290
37 185 5 8 491 483
37 186 7 6 467 430
37 187 9 9 242 357
37 191 4 10 487 279
37 194 4 5 474 15
37 195 4 9 263 473
37 197 1 7 233 350
37 198 4 3 424 276
37 200 2 4 187 103
37 201 2 9 83 216
38 130 9 8 212 277
38 131 3 8 333 74
38 132 5 2 274 468
38 143 10 2 151 89
38 149 8 5 155 178
38 157 3 6 438 455
38 158 4 4 419 276
38 174 5 8 499 493
38 176 5 9 443 65
38 184 4 10 492 399
39 129 10 6 244 307
39 131 4 10 367 150
39 132 5 10 294 460
39 134 10 8 246 186
39 136 10 6 329 285
39 137 4 10 494 192
39 138 4 10 495 265
39 140 5 8 497 13
39 145 5 9 446 304
39 146 3 14 478 329
39 147 3 16 419 119
39 148 3 14 479 156
39 150 3 14 480 149
39 151 4 11 459 284
39 154 9 5 465 398
39 155 3 14 499 291
39 156 10 5 420 38
39 157 3 15 467 129
39 158 6 8 438 471
39 159 5 9 468 430
39 161 3 15 470 66
39 165 8 6 442 90
39 166 6 8 443 67
39 174 6 8 416 47
39 176 8 5 499 403
39 184 4 10 493 175
39 185 6 6 433 112
39 193 1 20 487 298
39 196 9 9 203 191
39 198 8 2 319 45
40 135 9 5 438 325
40 137 2 17 500 414
40 155 8 6 442 383
40 157 3 15 468 94
40 160 14 9 131 268
40 163 6 6 492 498
40 166 7 8 40 102
40 168 7 9 94 53
40 174 5 8 500 482
40 179 9 8 228 161
40 181 8 7 192 464
40 182 6 7 238 167
40 183 3 7 474 123
40 184 10 8 247 142
40 185 1 20 489 441
40 186 9 5 217 22
40 188 10 9 108 389
40 191 4 6 402 250
40 194 4 8 299 477
40 195 2 10 478 58
40 197 1 2 170 158
40 198 8 2 320 230
41 130 2 4 246 85
41 131 5 6 491 68
41 135 3 14 470 229
41 137 6 8 354 470
41 143 3 14 477 497
41 155 3 15 472 348
41 157 7 7 430 456
41 159 7 6 421 122
41 169 2 8 26 263
41 177 8 6 314 276
41 180 2 15 500 274
41 181 7 9 238 280
41 182 2 9 464 57
41 183 7 6 492 330
41 184 8 8 309 85
41 186 9 4 223 206
41 187 9 9 99 103
41 188 8 2 499 405
41 190 2 8 497 154
41 191 6 3 441 205
41 192 4 4 495 361
41 194 6 5 494 204
41 196 9 5 367 311
41 197 1 12 484 454
41 199 7 6 210 487
42 130 3 5 132 465
42 132 6 5 492 296
42 135 9 5 439 433
42 155 4 11 489 376
42 156 2 18 487 47
42 174 4 11 455 321
42 184 10 8 248 480
42 194 7 5 423 279
42 196 4 9 499 114
42 198 3 10 204 172
43 132 7 5 422 253
43 143 8 6 418 86
43 149 8 6 474 105
43 155 9 9 266 310
43 157 7 8 328 264
43 159 10 8 221 332
43 164 8 5 458 232
43 174 6 7 477 484
43 179 4 8 474 477
43 183 7 5 431 370
43 184 10 6 331 17
43 185 2 15 500 391
43 186 9 7 238 27
43 187 9 9 185 233
43 188 8 6 312 381
43 189 9 4 415 444
43 190 2 15 497 498
43 192 5 9 330 129
43 193 6 5 494 48
43 199 8 8 209 97
43 201 4 2 41 79
44 130 6 6 425 197
44 156 10 5 350 203
44 159 4 9 489 225
44 169 8 5 456 125
44 174 9 6 372 305
44 176 3 14 478 99
44 193 2 10 491 399
44 196 7 6 429 188
45 130 8 4 479 117
45 131 2 15 493 443
45 135 9 5 440 114
45 156 2 18 486 96
45 166 4 10 456 123
45 170 2 19 482 169
45 185 3 11 472 72
45 195 2 15 493 318
46 128 6 6 497 89
46 131 3 11 497 75
46 134 15 4 273 214
46 149 18 4 227 32
46 166 2 19 479 388
46 169 8 8 254 91
46 170 2 19 481 54
46 171 5 7 463 192
46 173 6 6 424 338
46 174 9 7 242 419
46 175 4 6 465 123
46 176 9 5 448 99
46 177 2 19 293 379
46 178 5 8 278 324
46 179 3 8 463 222
46 181 8 8 173 138
46 184 3 14 473 139
46 185 8 3 416 70
46 186 1 20 499 316
46 187 9 3 369 239
46 189 9 5 221 182
46 190 9 3 368 319
46 192 7 3 471 467
46 194 7 8 243 308
46 195 8 3 410 30
46 196 3 13 463 370
46 197 8 3 409 64
46 199 9 6 163 236
47 129 9 1 35 409
47 131 4 10 370 385
47 132 8 3 227 137
47 133 9 3 202 76
47 134 4 3 455 250
47 137 8 9 234 255
47 138 4 6 484 449
47 139 4 6 485 38
47 140 7 7 238 50
47 144 3 8 490 26
47 145 6 4 491 21
47 146 6 6 328 209
47 150 8 7 213 405
47 152 5 5 479 290
47 154 8 5 300 370
47 158 5 9 470 328
47 161 2 6 51 479
47 169 9 5 405 147
47 174 11 10 183 372
47 176 2 4 28 144
47 194 6 9 251 241
47 199 6 4 366 119
48 137 8 5 420 108
48 159 2 18 488 76
48 162 7 5 451 76
48 166 9 8 252 449
48 169 2 19 479 5
48 170 7 6 435 267
48 174 5 9 448 221
48 177 2 16 492 257
48 181 2 16 491 496
48 182 6 6 436 305
48 183 9 6 290 196
48 184 8 8 244 442
48 185 2 20 389 474
48 186 9 9 169 225
48 189 2 14 487 298
48 190 5 6 454 398
48 194 6 5 451 85
48 196 2 13 473 212
48 197 8 6 256 320
48 198 7 8 219 39
48 199 3 6 487 272
48 201 4 6 66 67
49 130 12 9 148 318
49 149 3 17 448 171
49 156 7 5 497 208
49 157 9 5 470 374
49 158 6 8 441 449
49 159 2 18 487 200
49 161 2 14 494 138
49 163 5 9 391 156
49 165 3 10 459 52
49 167 6 5 458 234
49 169 4 10 455 288
49 170 2 19 480 432
49 171 10 7 195 260
49 173 2 20 301 423
49 174 8 9 167 476
49 175 8 4 374 294
49 176 3 14 481 117
49 178 4 10 298 56
49 179 2 12 496 366
49 180 2 12 495 493
49 181 2 12 494 28
49 183 3 8 493 292
49 184 5 5 473 418
49 185 7 7 271 152
49 186 7 5 337 333
49 187 8 3 491 300
49 188 7 3 426 79
49 189 4 7 319 212
49 191 9 7 141 273
49 192 9 2 493 360
49 196 3 13 473 335
49 197 5 7 251 260
49 198 1 18 487 282
49 199 4 5 438 485
50 137 7 5 479 396
50 156 8 5 434 48
50 159 6 6 486 258
50 162 6 6 330 381
50 163 6 6 329 407
50 165 7 7 241 199
50 166 3 13 464 96
50 168 7 6 453 479
50 170 2 19 479 137
50 171 6 4 487 293
50 172 6 4 486 344
50 174 2 12 485 273
50 175 4 7 394 148
50 176 10 3 367 134
50 177 3 8 458 438
50 178 2 11 499 105
50 179 2 11 498 386
50 180 4 6 456 27
50 181 4 6 455 341
50 184 2 11 494 285
50 185 6 5 441 369
50 186 8 3 451 345
50 187 7 4 386 218
50 190 6 5 358 238
50 191 9 4 298 96
50 192 7 4 383 18
50 193 5 5 428 368
50 194 7 8 233 54
50 196 7 5 83 149
50 197 1 9 107 233
50 198 8 1 71 266
50 201 2 1 247 395
51 130 7 6 9 142
51 131 10 8 207 460
51 132 8 9 231 456
51 133 6 6 463 442
51 134 5 7 477 467
51 135 2 17 492 197
51 136 5 7 478 394
51 137 6 6 465 246
51 138 7 5 479 284
51 141 3 12 468 336
51 142 9 4 469 302
51 144 6 10 283 64
51 152 6 9 319 437
51 153 4 9 479 139
51 154 8 10 216 393
51 156 6 6 482 176
51 159 2 18 485 31
51 160 4 9 486 106
51 161 4 9 487 373
51 164 2 18 500 208
51 167 8 5 452 410
51 168 5 8 453 100
51 170 6 7 433 185
51 182 12 4 379 436
51 185 8 6 275 387
51 199 4 5 399 415
52 130 6 6 445 459
52 156 1 7 431 102
52 158 3 15 471 188
52 163 1 10 489 473
52 168 10 5 177 40
52 170 5 8 344 4
52 194 7 4 464 267
52 199 4 8 249 28
53 142 10 3 500 252
53 149 9 6 425 498
53 156 5 7 86 37
53 159 8 1 65 233
53 162 6 10 243 262
53 163 2 6 407 87
53 175 2 14 488 205
53 176 2 14 487 430
53 177 5 7 389 97
53 178 6 9 252 443
53 179 3 10 453 172
53 180 4 7 485 54
53 182 2 14 484 89
53 183 8 4 412 369
53 184 7 5 376 437
53 186 3 9 486 224
53 187 8 4 410 364
53 190 2 14 466 200
53 191 2 16 407 115
53 192 2 13 500 360
53 193 8 8 203 496
53 195 4 7 463 374
53 198 1 3 37 496
53 200 8 8 201 411
54 156 3 7 142 3
54 170 1 8 161 449
54 185 4 6 2 363
54 194 9 8 178 356
55 149 3 16 479 475
55 152 7 6 319 266
55 155 14 4 239 381
55 166 1 3 56 203
55 171 2 12 468 267
55 172 7 4 401 128
55 173 7 8 200 56
55 178 3 5 491 193
55 180 4 7 255 481
55 182 6 3 395 82
55 183 9 7 436 443
55 185 6 8 147 468
55 186 3 5 470 423
55 187 8 7 112 227
55 189 5 5 200 429
55 190 4 6 208 339
55 191 1 10 497 341
55 193 7 3 236 448
55 196 4 3 410 66
55 197 2 8 307 207
55 198 2 10 245 274
56 196 7 6 440 115
