640 250 1000
1 2 3 2 232 270
1 13 3 6 218 260
1 20 2 4 58 307
1 21 2 5 227 275
1 22 2 1 76 263
1 76 6 1 193 396
1 84 3 8 3 215
1 86 5 2 124 309
2 2 1 5 279 340
2 6 20 2 212 271
2 14 2 9 178 164
2 17 2 2 151 182
2 19 6 8 41 420
2 75 7 4 115 209
2 79 1 4 87 352
2 81 4 8 97 425
2 82 6 7 112 4
3 2 3 7 185 273
3 14 2 4 401 32
3 15 1 8 235 64
3 17 7 1 195 65
3 19 5 8 191 93
3 20 9 10 228 107
3 21 2 4 284 240
3 22 4 5 111 112
3 79 7 4 109 34
3 81 6 9 194 42
3 86 9 2 126 385
4 2 3 4 324 469
4 3 1 4 382 306
4 13 6 3 219 212
4 15 3 7 90 147
4 17 5 6 236 65
4 19 1 16 478 299
4 22 4 6 93 324
4 75 6 2 271 233
4 76 1 6 218 157
4 79 9 2 170 299
4 81 4 6 437 107
4 86 3 2 379 162
5 3 9 5 102 178
5 17 3 5 473 339
5 19 2 8 479 58
5 20 6 7 490 437
5 21 7 7 73 252
5 22 8 7 191 384
5 75 2 5 326 44
5 79 4 6 235 261
5 81 8 3 438 373
5 82 7 5 52 311
5 83 5 6 60 221
5 84 6 4 19 54
5 86 8 2 143 487
6 13 1 8 494 81
6 14 9 1 358 78
6 15 2 9 278 334
6 17 8 3 296 17
6 19 1 16 480 53
6 22 3 8 446 340
6 79 6 4 236 302
6 81 4 2 293 255
6 84 9 4 270 495
6 85 7 4 20 372
6 86 5 8 126 484
7 3 7 7 449 281
7 13 4 7 143 5
7 14 5 9 247 26
7 15 7 8 90 146
7 17 2 8 445 389
7 20 6 7 491 215
7 21 10 7 208 147
7 22 2 11 487 146
7 76 8 6 67 384
7 79 10 6 95 419
7 84 3 4 158 397
8 2 8 7 70 176
8 3 4 12 459 436
8 8 20 2 203 241
8 13 8 9 56 435
8 14 3 8 464 465
8 15 5 3 337 92
8 20 4 11 469 266
8 75 8 9 122 117
8 79 7 5 163 187
8 80 13 9 81 129
8 81 2 11 481 101
8 83 4 4 40 67
8 84 8 6 40 359
8 85 2 2 218 392
9 2 5 9 122 296
9 3 3 18 454 340
9 13 4 10 248 87
9 14 3 8 465 338
9 15 8 6 106 114
9 17 9 6 164 142
9 21 3 10 487 123
9 75 9 2 489 413
9 76 2 15 413 380
9 79 9 10 64 103
9 81 8 5 265 318
9 84 10 7 97 329
9 86 3 8 246 139
10 2 8 9 77 500
10 13 3 8 414 327
10 14 2 12 466 457
10 15 10 4 128 449
10 19 5 4 438 319
10 20 6 8 431 267
10 21 2 15 488 167
10 22 4 6 449 207
10 75 7 4 315 264
10 76 9 7 230 275
10 79 1 2 481 11
10 81 3 8 442 208
10 84 4 4 475 4
10 86 9 6 235 368
11 2 9 9 69 107
11 3 4 13 472 113
11 14 5 5 448 315
11 15 2 8 321 232
11 17 7 6 427 146
11 19 3 6 487 36
11 21 3 10 497 144
11 22 2 11 490 492
11 75 2 9 491 316
11 76 6 5 484 207
11 78 2 7 184 179
11 79 9 3 214 16
11 81 9 9 174 21
11 83 4 2 435 390
11 86 7 5 363 347
12 15 8 2 322 59
12 17 4 9 499 444
12 19 5 6 293 416
12 20 8 6 432 462
12 21 2 16 466 308
12 75 10 3 295 44
12 76 4 2 456 309
12 78 13 6 157 60
12 79 10 9 194 370
12 81 9 8 243 425
12 82 3 11 482 202
12 84 10 4 438 270
13 3 3 17 483 356
13 13 6 9 362 462
13 14 9 3 416 391
13 15 5 3 344 192
13 17 4 9 500 68
13 19 2 9 489 422
13 20 6 7 494 91
13 76 9 8 229 174
13 78 9 8 151 207
13 79 9 7 278 499
13 84 2 18 487 242
14 14 10 6 188 198
14 16 20 4 225 147
14 17 4 10 451 220
14 21 4 8 468 394
14 75 2 9 493 110
14 76 3 11 500 425
14 79 8 6 365 210
14 83 4 7 444 118
14 84 2 18 488 128
14 86 8 8 275 202
15 2 5 4 281 53
15 13 2 20 490 404
15 14 4 6 471 232
15 15 3 5 345 111
15 17 5 8 452 247
15 19 9 3 327 72
15 20 4 11 473 268
15 22 2 13 469 380
15 75 1 18 494 162
15 76 3 12 459 474
15 79 3 12 487 481
15 81 3 12 488 436
15 82 9 6 294 420
15 84 8 5 440 374
15 85 12 9 228 390
15 86 6 8 367 491
16 2 7 6 134 405
16 10 16 7 163 210
16 14 6 4 472 73
16 15 5 3 461 366
16 20 6 10 347 372
16 22 5 5 488 128
16 23 12 7 263 328
16 75 10 5 223 407
16 78 8 3 452 373
16 82 12 8 165 52
17 2 8 5 145 103
17 14 2 12 473 401
17 15 5 3 462 305
17 19 5 9 197 384
17 20 8 6 434 62
17 21 9 6 279 284
17 22 9 5 272 189
17 75 8 7 200 384
17 76 10 4 415 80
17 77 8 10 37 29
17 79 4 9 488 381
17 80 6 1 136 186
17 81 9 8 245 254
17 86 4 3 327 493
18 13 6 7 469 135
18 14 9 3 421 448
18 17 10 5 363 276
18 19 4 10 222 336
18 20 6 7 497 114
18 21 2 16 471 242
18 75 7 7 395 423
18 76 8 5 416 2
18 79 9 10 215 217
18 80 12 12 450 200
18 81 10 8 221 306
18 83 8 1 281 293
19 2 1 12 484 21
19 3 3 17 489 253
19 15 7 2 497 389
19 19 6 6 247 474
19 20 5 9 464 34
19 22 9 7 196 479
19 81 5 8 443 6
19 84 5 8 476 291
19 86 6 6 492 304
20 2 1 12 485 212
20 13 7 6 471 463
20 14 3 8 475 433
20 15 8 10 151 464
20 17 2 19 479 290
20 19 2 9 495 98
20 20 10 7 299 176
20 22 2 13 475 82
20 75 7 6 462 337
20 79 3 12 490 472
20 81 5 8 444 292
20 86 9 5 394 86
21 2 2 6 486 150
21 3 3 19 439 471
21 14 7 8 204 300
21 15 10 5 245 453
21 17 2 19 480 190
21 19 10 2 446 373
21 20 4 11 476 497
21 22 2 13 476 126
21 75 2 20 486 410
21 76 10 4 417 208
21 80 10 4 187 377
21 81 7 6 423 178
21 86 7 6 423 106
22 2 4 2 183 187
22 3 4 13 482 495
22 13 9 10 221 79
22 14 8 3 477 425
22 15 3 9 454 224
22 17 2 20 457 150
22 19 4 5 447 139
22 21 8 4 474 236
22 22 2 13 477 235
22 79 2 18 497 277
22 83 10 5 345 47
22 84 9 5 424 378
22 86 6 8 371 99
23 3 8 7 448 169
23 13 8 5 498 17
23 14 9 7 182 288
23 15 3 10 409 450
23 19 5 5 358 263
23 20 4 11 477 195
23 21 5 7 434 196
23 22 5 5 497 103
23 76 9 4 145 346
23 81 3 12 494 269
23 83 6 6 479 209
23 84 1 7 2 240
24 2 7 9 94 419
24 3 9 6 474 476
24 13 7 6 475 46
24 14 6 4 478 52
24 17 9 5 407 368
24 18 9 7 230 178
24 19 1 18 498 469
24 20 3 18 410 483
24 21 7 10 218 72
24 22 2 20 311 413
24 76 5 8 418 348
24 81 5 8 445 58
24 86 8 8 279 102
25 3 3 18 475 44
25 15 4 8 499 3
25 17 8 5 458 346
25 19 3 9 333 213
25 20 3 15 493 151
25 22 5 5 498 334
25 76 9 2 138 234
25 78 3 3 274 153
25 81 3 12 495 14
25 82 20 2 158 213
25 85 2 4 58 426
25 86 3 12 497 147
26 2 9 2 338 426
26 6 9 2 428 307
26 8 7 7 209 483
26 12 5 9 228 473
26 13 4 10 500 283
26 14 2 14 411 193
26 16 5 5 411 452
26 17 10 9 237 147
26 19 1 18 500 244
26 20 8 6 463 363
26 21 2 16 478 243
26 22 2 13 500 95
26 81 2 18 496 66
26 86 6 7 427 202
27 0 3 3 314 114
27 6 9 6 244 149
27 8 7 8 191 169
27 10 9 7 164 269
27 11 9 15 484 417
27 14 5 8 288 376
27 15 8 7 286 371
27 16 5 7 257 344
27 17 3 15 475 278
27 18 9 4 249 162
27 19 2 10 451 356
27 20 3 15 494 221
27 21 4 9 425 404
27 22 7 9 207 346
27 23 8 1 192 88
27 75 2 20 489 215
27 83 5 8 431 442
27 86 6 8 374 267
28 3 8 7 460 147
28 4 2 4 367 339
28 5 5 7 240 497
28 6 10 10 134 240
28 7 6 5 447 445
28 10 7 9 213 430
28 13 5 9 446 128
28 14 6 9 214 6
28 17 8 6 446 480
28 18 5 6 449 128
28 19 1 19 475 35
28 20 5 9 495 474
28 21 5 7 438 346
28 22 9 7 208 268
28 23 6 8 459 305
28 76 4 9 466 86
28 79 3 12 499 233
28 80 6 8 155 452
28 82 9 7 250 226
28 85 8 8 337 324
29 3 6 9 478 233
29 13 10 7 287 274
29 15 2 17 472 171
29 17 7 8 383 213
29 19 2 14 485 135
29 20 7 8 398 339
29 21 4 8 480 236
29 22 7 4 469 159
29 23 10 6 225 6
29 75 1 2 24 199
29 76 2 17 494 140
29 83 3 12 478 229
30 3 4 13 497 482
30 14 8 6 286 131
30 17 9 9 265 416
30 19 9 8 189 387
30 20 7 7 455 280
30 21 9 4 427 89
30 22 7 8 235 50
30 75 2 5 166 66
30 82 6 6 436 370
30 85 4 16 155 386
31 2 10 9 159 478
31 5 8 3 229 193
31 11 1 10 56 297
31 14 1 7 491 337
31 16 7 7 79 298
31 17 3 15 478 359
31 18 2 8 239 169
31 22 20 4 128 114
31 23 9 1 230 157
31 24 10 10 232 254
31 75 8 7 350 419
31 81 5 8 93 14
31 83 8 2 29 158
31 84 2 7 38 487
31 85 5 9 478 161
32 3 3 20 432 410
32 10 13 3 467 424
32 11 16 9 453 271
32 12 2 9 452 364
32 13 7 7 412 368
32 15 8 5 403 469
32 16 2 9 449 214
32 17 5 2 317 210
32 19 3 10 455 89
32 20 4 12 466 123
32 21 10 9 172 389
32 22 6 10 220 334
32 78 5 3 386 211
32 82 10 7 218 357
32 83 4 9 475 226
32 84 4 10 478 204
32 85 8 6 448 171
33 3 3 18 489 203
33 13 3 16 421 60
33 14 4 7 492 398
33 19 4 7 488 410
33 20 3 15 498 94
33 21 2 16 484 370
33 22 3 9 489 406
33 23 9 5 489 378
33 78 1 12 482 5
33 82 4 10 282 158
34 3 8 8 413 272
34 13 8 6 422 288
34 14 4 7 493 323
34 17 7 7 440 215
34 19 4 7 489 194
34 22 4 7 472 148
34 76 7 9 267 192
34 78 4 5 289 438
34 80 9 2 412 221
34 82 10 9 125 288
34 83 5 9 379 398
34 84 7 8 140 207
34 85 17 14 170 93
35 1 5 8 180 83
35 3 8 7 498 146
35 4 1 15 482 271
35 5 2 1 483 50
35 6 6 5 242 163
35 7 4 4 493 388
35 8 5 7 226 401
35 9 8 6 165 430
35 10 2 10 397 438
35 12 7 3 379 100
35 13 4 11 498 57
35 14 9 6 256 113
35 17 9 9 267 369
35 20 3 15 500 357
35 22 8 9 229 291
35 80 7 6 247 175
35 84 2 13 400 340
35 85 9 4 500 58
35 86 10 8 220 16
36 3 7 8 499 85
36 13 7 7 448 376
36 14 10 5 277 360
36 19 2 14 491 133
36 20 7 7 460 309
36 21 4 8 486 416
36 22 8 8 258 248
36 77 2 4 435 165
36 78 1 12 479 154
36 79 3 3 386 330
36 81 7 8 321 147
36 82 8 3 464 475
36 83 4 9 471 217
36 84 2 4 47 221
37 2 3 7 216 342
37 3 6 10 466 76
37 9 6 7 102 194
37 13 7 7 449 352
37 14 4 7 495 1
37 17 7 7 442 4
37 19 9 3 251 418
37 20 7 7 461 55
37 22 4 9 459 309
37 23 7 1 97 125
37 78 1 12 478 51
37 80 5 5 296 433
37 85 5 8 449 255
38 2 7 5 409 10
38 3 8 9 389 249
38 13 5 9 489 172
38 19 2 14 492 43
38 20 3 16 471 52
38 82 9 4 307 19
38 83 2 17 498 271
38 85 7 6 427 49
39 2 5 6 478 74
39 3 8 8 438 334
39 10 10 8 96 335
39 12 2 4 495 450
39 13 8 9 306 170
39 14 4 7 498 378
39 16 4 6 164 416
39 18 5 3 131 391
39 19 10 3 460 435
39 21 9 5 347 408
39 23 2 3 11 130
39 78 8 5 143 272
39 80 1 10 493 43
39 83 2 17 497 13
39 85 2 18 497 192
40 13 4 12 495 3
40 14 4 7 499 195
40 17 9 9 268 367
40 19 7 4 493 374
40 20 3 16 472 6
40 21 2 16 488 354
40 22 9 4 460 495
40 78 1 12 476 409
40 79 2 2 447 42
40 80 3 4 410 466
40 81 7 6 478 68
40 83 5 4 110 385
40 85 8 9 248 477
41 2 6 3 232 165
41 13 3 16 496 405
41 14 3 10 466 458
41 17 5 9 483 322
41 18 6 3 150 45
41 21 5 7 447 96
41 80 7 6 117 61
41 82 3 8 458 329
41 83 6 6 469 75
42 14 10 3 467 479
42 17 9 5 484 223
42 18 2 15 482 266
42 19 4 9 385 272
42 20 7 7 463 47
42 21 2 16 489 88
42 78 2 6 474 417
42 80 2 10 245 237
42 82 3 8 457 236
42 83 7 8 301 18
42 85 9 8 100 76
43 14 8 7 251 333
43 18 9 4 401 379
43 19 7 4 496 460
43 21 7 10 224 470
43 23 4 1 121 21
43 80 1 10 488 63
43 82 8 3 456 235
43 83 3 12 467 372
43 85 6 5 239 302
44 4 2 16 473 123
44 5 3 11 459 264
44 10 7 6 362 467
44 12 14 11 342 151
44 18 4 8 451 396
44 21 5 7 449 49
44 76 7 5 90 287
44 78 1 12 473 253
44 79 3 3 351 370
44 81 4 5 153 46
44 82 5 8 273 318
44 83 5 7 480 470
44 85 10 7 102 244
45 10 3 13 466 307
45 13 7 7 488 256
45 15 9 9 201 94
45 18 9 6 267 268
45 19 2 14 497 435
45 20 9 6 453 183
45 21 3 11 477 222
45 78 8 3 236 130
45 80 8 5 121 60
45 83 9 4 466 208
45 85 9 3 238 130
46 5 4 9 414 76
46 8 5 2 11 443
46 9 2 11 500 117
46 10 2 11 499 450
46 11 7 9 174 208
46 13 6 8 499 279
46 18 9 4 399 332
46 19 8 4 435 434
46 21 4 8 492 136
46 23 8 3 119 53
46 80 6 4 201 181
46 81 7 9 319 42
46 82 19 6 313 171
46 83 2 15 500 153
46 85 2 5 189 313
47 5 7 8 266 11
47 13 6 9 444 138
47 14 3 8 473 66
47 15 9 6 210 326
47 16 2 12 472 102
47 17 2 12 471 320
47 20 3 8 442 63
47 21 8 7 282 65
47 22 3 9 31 366
47 78 8 3 235 270
47 82 5 5 258 310
47 83 2 15 499 92
47 85 1 2 158 230
48 5 3 10 495 350
48 11 8 9 225 343
48 13 7 7 490 497
48 14 8 8 220 445
48 18 2 15 477 137
48 21 2 16 494 277
48 80 3 9 177 7
48 82 4 4 403 117
48 86 20 9 95 155
49 1 9 2 136 22
49 4 5 1 358 138
49 5 2 15 494 368
49 6 4 8 337 228
49 10 2 19 477 131
49 11 3 11 489 349
49 16 3 16 486 286
49 18 3 10 476 146
49 21 7 5 452 356
49 76 15 3 374 157
49 78 9 2 216 41
49 79 9 5 244 38
49 82 5 3 429 266
49 83 9 4 414 153
49 84 6 10 233 445
49 85 7 2 458 485
50 5 2 15 493 158
50 11 2 7 491 38
50 12 2 7 490 433
50 13 2 7 489 140
50 14 2 7 488 131
50 15 3 6 379 302
50 16 8 6 485 97
50 18 8 4 446 170
50 19 5 4 337 403
50 20 8 4 210 20
50 21 7 5 453 95
50 22 3 1 116 275
50 80 12 1 411 473
50 85 2 7 457 393
51 1 4 10 34 477
51 3 2 2 284 18
51 4 8 1 207 269
51 5 7 5 422 483
51 6 2 7 153 313
51 7 2 8 221 399
51 8 2 17 500 445
51 10 9 10 201 189
51 11 9 5 358 382
51 14 3 10 470 444
51 16 5 10 465 82
51 18 7 5 407 431
51 23 2 19 491 401
51 77 7 5 209 271
51 78 2 8 242 499
51 80 3 4 237 50
51 81 5 9 447 448
51 83 8 2 401 174
51 84 19 7 305 174
51 85 8 6 133 313
52 5 5 6 492 254
52 7 3 13 469 496
52 8 2 17 499 267
52 11 2 17 473 6
52 16 6 8 484 144
52 18 2 15 474 314
52 22 12 10 220 151
52 82 3 1 210 127
52 83 10 5 68 189
52 84 9 2 104 112
52 85 1 8 67 105
53 3 14 5 481 351
53 5 9 6 273 13
53 7 5 8 457 258
53 10 4 9 500 45
53 15 8 5 408 281
53 16 9 7 368 203
53 18 4 10 355 216
53 23 6 7 443 446
54 2 15 9 107 205
54 5 9 4 408 200
54 7 6 7 435 145
54 8 6 6 470 356
54 10 3 12 499 211
54 16 6 8 482 280
54 18 8 4 443 196
54 23 3 13 477 204
55 1 4 8 370 61
55 2 7 6 95 455
55 5 12 3 407 445
55 7 3 13 468 410
55 8 2 17 497 293
55 16 7 7 472 283
55 17 8 9 164 94
55 19 8 6 244 172
55 20 1 11 491 358
55 21 9 6 100 65
55 23 1 9 489 115
56 1 9 3 182 283
56 3 2 3 176 15
56 4 6 6 137 450
56 7 6 7 434 245
56 8 2 17 496 285
56 10 9 9 221 162
56 11 5 7 457 357
56 14 5 2 497 23
56 16 3 15 490 56
56 20 9 7 216 157
56 23 7 7 379 403
56 24 4 9 489 282
57 5 6 5 487 314
57 6 5 9 307 447
57 7 5 8 455 141
57 11 3 11 484 440
57 16 9 5 489 131
58 1 5 1 106 197
58 3 4 6 233 408
58 4 5 4 280 65
58 6 9 2 313 121
58 7 2 19 478 469
58 8 8 5 420 187
58 10 5 6 439 291
58 16 9 9 243 89
58 18 17 18 152 140
58 24 14 3 143 17
59 2 8 5 201 393
59 5 2 15 485 85
59 6 3 10 460 386
59 7 2 19 477 261
59 8 7 5 479 402
59 10 6 6 365 164
59 11 10 8 199 239
59 15 7 8 278 168
59 16 10 7 281 98
59 18 5 6 467 116
59 20 8 1 365 45
59 21 1 1 486 172
59 23 7 8 330 260
60 5 4 8 454 496
60 6 2 14 492 350
60 7 2 19 476 331
60 8 2 17 493 221
60 10 2 14 468 499
60 11 5 7 433 59
60 14 9 4 392 173
60 18 9 4 389 135
60 24 7 6 419 127
61 5 5 10 290 487
61 7 5 8 452 472
61 10 2 14 467 271
61 11 7 8 270 466
61 16 2 20 489 177
61 18 8 7 250 280
61 23 2 19 484 71
61 24 7 8 314 175
62 5 4 8 452 10
62 7 5 8 451 223
62 8 9 4 464 374
62 11 4 8 472 493
62 15 10 7 234 29
62 18 9 4 388 167
62 19 16 2 436 263
62 23 3 13 471 50
62 24 6 6 487 482
63 1 2 10 139 342
63 3 4 6 116 373
63 6 2 14 489 158
63 7 2 19 474 295
63 8 6 6 463 320
63 10 7 9 207 147
63 13 8 9 335 206
63 15 3 19 123 422
63 16 9 7 309 62
63 21 9 6 55 256
63 24 8 4 493 146
64 5 9 6 267 320
64 7 3 12 500 50
64 8 8 9 231 443
64 11 4 8 471 212
64 16 8 5 486 319
64 18 2 14 497 298
64 23 6 7 437 242
64 24 4 8 492 322
65 5 10 6 240 136
65 6 6 5 455 366
65 8 7 5 475 230
65 10 10 10 130 356
65 11 3 11 456 443
65 15 2 9 489 263
65 16 3 13 498 221
65 17 1 18 488 263
65 18 2 14 496 275
65 20 1 18 486 269
65 21 1 9 485 203
65 22 4 9 242 131
65 23 9 5 407 386
65 24 9 6 291 142
66 5 2 13 463 52
66 6 4 7 487 218
66 8 10 4 415 390
66 10 2 13 498 143
66 16 10 4 485 6
66 23 4 10 457 35
66 24 2 16 491 220
67 2 13 3 371 278
67 3 5 4 117 186
67 4 9 7 168 431
67 5 2 13 462 284
67 7 5 8 422 489
67 8 8 7 296 223
67 10 9 3 479 163
67 11 2 16 469 361
67 14 4 7 462 229
67 16 3 13 497 273
67 23 2 19 481 469
68 5 5 5 480 72
68 7 7 5 482 167
68 8 3 12 460 26
68 10 3 8 368 315
68 11 2 15 500 378
68 13 9 1 315 250
68 15 8 1 351 19
68 16 7 6 461 210
68 17 5 9 62 116
68 18 8 4 432 430
68 22 3 4 229 100
68 23 2 19 480 324
68 24 7 6 373 324
69 5 6 4 499 378
69 8 2 17 487 478
69 10 3 9 327 26
69 11 2 15 499 148
69 12 5 4 243 493
69 15 5 5 97 74
69 16 4 10 483 330
69 17 3 3 123 128
69 18 6 5 460 53
69 20 2 1 128 141
69 24 2 16 489 282
70 5 5 5 479 396
70 6 10 3 451 283
70 7 2 15 493 198
70 8 9 4 459 476
70 10 9 7 140 459
70 11 7 8 267 248
70 16 2 20 482 363
70 18 8 7 246 453
70 23 8 7 325 444
70 24 10 4 391 50
71 5 2 12 498 476
71 10 10 5 159 425
71 16 3 13 494 302
71 23 8 7 324 29
71 24 2 16 488 21
72 6 10 3 449 74
72 7 9 9 182 407
72 11 3 7 489 14
72 16 4 10 481 335
72 18 5 6 456 194
72 23 9 5 402 66
72 24 6 8 325 13
73 3 20 9 188 183
73 5 13 15 15 363
73 6 2 14 481 110
73 7 6 9 272 150
73 8 8 7 294 23
73 11 6 9 190 247
73 12 4 6 426 52
73 15 7 6 242 384
73 17 2 11 461 483
73 19 5 9 195 424
73 20 7 7 166 228
73 21 9 10 90 246
73 24 4 8 487 230
74 5 3 9 441 79
74 6 4 7 480 292
74 8 5 7 470 370
74 10 10 9 85 411
74 11 9 7 127 491
74 18 2 14 487 136
74 23 2 19 475 306
74 24 5 8 389 220
75 6 7 4 479 222
75 7 4 9 407 229
75 8 4 9 456 157
75 10 5 4 380 371
75 18 8 9 182 127
75 23 3 13 462 381
76 5 6 4 421 328
76 7 2 15 488 205
76 10 5 6 253 260
76 11 8 9 111 461
76 23 3 12 500 4
76 24 2 16 485 469
77 4 7 8 167 258
77 5 9 3 374 435
77 6 3 4 212 320
77 7 8 9 203 317
77 8 2 17 482 136
77 11 3 6 441 102
77 13 8 2 334 11
77 16 6 7 455 239
77 18 2 16 408 415
77 21 4 5 264 97
77 23 8 7 321 229
77 24 4 8 484 185
78 6 5 9 296 186
78 7 2 15 485 204
78 8 4 9 455 290
78 11 5 9 176 107
78 13 1 2 139 384
78 15 4 4 317 308
78 17 3 5 337 352
78 18 2 11 495 20
78 22 3 1 83 263
78 23 2 18 499 100
78 24 7 7 301 2
79 6 2 18 369 231
79 10 3 4 455 377
79 11 3 9 293 200
79 16 2 4 476 153
79 18 2 17 320 399
79 23 2 18 498 354
79 24 3 10 490 232
80 5 5 3 231 375
80 6 3 9 491 77
80 7 6 7 345 489
80 11 1 16 494 125
80 16 10 4 475 128
80 18 5 7 310 384
80 24 2 15 489 403
81 5 7 4 80 372
81 7 4 8 452 268
81 8 4 9 446 436
81 10 5 7 155 190
81 11 3 7 376 211
81 16 4 10 474 51
81 18 6 4 452 417
82 5 7 1 318 295
82 7 2 15 482 174
82 8 6 6 445 56
82 10 7 6 129 294
82 11 9 6 146 407
82 18 2 11 492 298
82 23 5 8 446 371
82 24 4 8 457 34
83 5 1 9 247 216
83 8 6 6 444 358
83 10 3 7 186 152
83 11 10 9 87 255
83 16 7 10 270 463
83 18 2 11 491 119
83 23 2 18 495 297
83 24 4 8 456 492
84 6 4 7 471 330
84 7 10 7 206 398
84 10 9 2 216 353
84 11 6 6 217 264
84 16 3 13 484 32
84 18 4 6 450 102
84 23 7 4 395 61
84 24 10 9 162 354
85 5 2 3 369 21
85 6 8 8 188 395
85 8 5 6 127 400
85 10 3 3 431 315
85 11 2 5 462 239
85 16 9 9 233 370
85 18 2 11 490 186
85 24 8 3 441 476
86 6 7 4 158 38
86 7 6 4 46 228
86 8 6 5 45 488
86 10 4 8 121 250
86 11 2 5 461 355
86 16 4 8 150 279
86 18 2 11 489 288
86 23 5 5 440 351
86 24 7 6 192 342
87 5 3 2 367 497
87 6 2 8 217 254
87 7 3 3 113 90
87 16 1 4 70 476
88 6 5 4 173 150
88 8 9 2 74 243
88 10 8 4 59 251
88 11 4 7 163 112
89 1 8 2 148 57
89 3 4 8 142 240
89 4 1 10 455 225
89 7 6 8 21 302
89 8 2 7 62 119
89 9 5 4 229 88
89 11 5 3 306 311
89 15 4 6 101 224
89 16 5 3 307 488
89 18 6 10 26 59
89 23 8 8 157 193
90 3 9 2 246 324
90 6 5 5 397 45
90 7 5 7 283 415
90 11 4 6 412 246
90 14 7 10 141 378
90 15 5 5 147 179
90 16 2 7 261 176
90 18 2 4 455 492
90 19 9 4 101 58
90 20 9 10 40 138
90 21 2 7 257 481
