620 250 616
0 20 1 10 227 15
0 22 10 4 201 86
0 23 4 7 288 215
0 24 5 4 404 441
0 25 6 6 225 400
0 26 9 7 136 475
0 27 7 6 233 458
0 28 1 20 490 77
0 29 10 5 216 318
0 32 8 5 207 206
0 33 4 10 271 295
0 36 8 5 272 261
0 39 8 10 196 116
1 25 4 2 14 117
1 33 2 11 475 322
1 38 5 6 151 152
1 41 4 2 403 427
2 19 6 6 281 427
2 23 9 3 172 214
2 25 4 6 420 123
2 28 3 7 479 102
2 31 2 11 457 101
2 33 6 7 239 10
2 36 10 1 129 203
2 37 2 9 499 327
2 38 5 6 152 69
2 39 8 1 160 111
2 40 3 4 106 36
2 41 9 1 172 93
3 23 4 3 388 153
3 33 5 9 232 344
3 38 9 9 79 58
3 41 8 2 201 265
4 23 1 10 466 324
4 24 8 5 162 285
4 25 7 6 241 198
4 37 6 8 187 452
5 23 5 6 204 2
5 24 2 6 110 367
5 25 2 14 381 466
5 37 7 10 128 450
5 38 6 3 356 33
6 23 4 8 192 176
6 24 7 3 396 107
6 25 10 3 408 156
6 26 10 3 277 319
6 31 7 4 296 138
6 32 3 6 459 336
6 33 2 9 458 29
6 34 6 7 196 332
6 36 4 8 134 498
6 38 8 7 115 185
6 39 2 7 244 400
7 25 2 13 471 90
7 34 5 4 459 108
7 38 7 6 154 296
8 23 8 10 129 91
8 25 2 13 472 496
8 33 9 3 385 190
8 39 4 4 484 177
9 24 1 3 77 254
9 25 2 13 473 378
9 34 10 2 458 257
9 38 7 3 309 491
9 39 2 8 483 90
10 25 3 9 456 168
10 33 2 11 472 235
11 24 2 7 462 399
11 25 2 13 474 322
11 34 5 4 457 193
11 39 8 4 241 146
11 41 1 7 459 133
12 23 9 10 131 324
12 29 7 3 437 29
12 30 7 4 327 341
12 32 2 10 457 58
12 33 10 3 346 71
12 34 8 7 163 410
12 35 3 9 295 26
12 36 5 7 227 403
12 37 7 10 113 293
12 38 1 7 459 334
12 39 7 2 229 84
12 41 10 1 321 377
13 20 9 3 63 244
13 22 10 9 19 468
13 23 5 6 81 135
13 24 4 6 269 408
13 25 1 10 471 141
13 27 2 5 472 399
13 32 9 6 168 97
13 33 6 2 394 472
13 34 8 7 108 53
13 37 9 2 241 149
13 38 8 3 205 31
13 41 2 7 229 496
14 19 13 6 53 434
14 24 6 6 179 45
14 32 2 5 289 68
14 33 4 2 361 65
14 34 2 6 452 166
14 35 8 9 40 69
14 36 5 3 168 209
14 37 1 9 463 374
14 39 7 3 367 365
14 40 5 9 45 346
15 24 4 4 401 141
15 32 1 6 176 125
15 34 4 3 451 321
15 37 3 3 462 489
15 41 2 5 206 82
16 20 1 5 84 401
16 22 6 6 12 481
16 23 2 2 109 341
16 24 1 13 493 166
16 25 5 5 102 373
16 26 7 8 46 267
16 27 2 6 215 252
16 28 5 2 494 481
16 29 7 5 179 282
16 30 6 6 206 46
16 31 5 3 495 20
16 32 2 7 31 105
16 33 5 5 415 421
16 34 2 6 387 264
16 37 1 9 461 276
16 39 3 8 321 51
16 41 1 5 411 378
17 24 2 7 457 398
17 25 10 4 309 74
17 32 1 3 143 389
17 33 1 10 128 458
17 34 8 3 193 135
17 37 9 2 230 195
17 39 10 7 110 230
17 41 9 2 114 432
18 20 5 6 211 401
18 22 6 9 118 299
18 23 1 13 491 490
18 24 1 13 492 372
18 25 8 2 400 378
18 27 2 7 458 77
18 33 6 4 268 23
18 37 1 6 57 370
18 38 2 1 141 195
19 32 5 7 2 265
19 33 9 9 128 20
19 34 5 4 51 404
19 41 10 1 86 274
20 21 5 7 28 327
20 22 2 5 99 221
20 23 8 3 492 411
20 24 9 6 165 339
20 25 8 3 372 400
20 26 4 5 447 281
20 27 9 5 199 246
20 29 8 7 160 426
20 31 2 9 498 134
20 34 10 8 113 152
28 147 7 2 25 210
28 148 8 8 144 444
28 150 9 3 342 210
28 151 8 5 231 482
28 152 8 5 249 465
28 153 5 4 499 59
28 154 5 7 286 110
28 155 10 5 201 143
28 156 10 5 202 429
28 157 6 4 464 83
28 158 8 4 316 425
28 159 3 7 482 358
28 160 9 8 229 73
28 161 2 17 485 21
28 162 10 8 207 444
28 163 5 10 332 119
28 164 3 12 492 45
28 165 9 4 493 427
28 166 5 8 444 249
28 167 4 11 488 28
28 168 3 12 495 353
28 170 2 4 159 253
28 172 4 9 496 11
28 189 6 1 215 125
29 150 3 2 23 412
29 158 5 7 199 248
29 160 4 9 486 397
29 163 3 4 188 221
29 164 4 9 485 69
29 165 5 8 436 65
29 167 2 18 484 35
29 168 6 6 483 418
29 171 10 9 193 391
29 172 3 7 497 171
29 173 2 18 481 86
29 174 10 6 288 118
29 175 3 12 479 451
29 176 9 6 319 361
29 177 9 10 191 277
29 178 5 7 448 75
29 179 8 4 489 490
29 180 10 4 391 208
29 181 4 9 434 390
29 182 4 8 488 473
29 183 2 16 487 222
29 184 7 5 445 390
29 185 2 16 486 476
29 186 3 11 471 462
29 187 10 4 388 27
29 188 7 9 246 191
29 189 1 9 27 148
30 153 5 5 442 313
30 157 3 10 363 257
30 160 11 4 247 204
30 164 5 2 78 12
30 167 7 9 94 491
30 170 8 8 267 60
30 171 7 4 285 140
30 175 2 9 443 242
30 177 2 8 498 86
30 178 5 9 177 352
30 179 1 4 175 323
30 180 4 5 487 106
30 181 4 4 495 100
30 182 4 4 459 491
30 183 1 15 489 275
30 184 2 8 458 186
30 186 7 5 209 311
30 187 2 8 102 98
30 189 8 7 29 351
30 190 7 1 225 95
30 191 5 7 201 454
31 147 2 1 236 354
31 149 6 8 227 172
31 150 2 11 499 465
31 151 2 11 500 91
31 152 5 6 367 353
31 153 6 8 230 126
31 154 10 9 123 220
31 155 6 4 462 121
31 156 10 3 370 188
31 157 6 4 463 359
31 158 6 4 464 167
31 159 10 10 169 98
31 160 7 5 483 107
31 161 5 7 484 396
31 162 3 12 471 144
31 163 5 7 485 363
31 164 8 5 425 145
31 167 7 7 438 257
31 170 6 6 473 136
31 178 8 9 237 238
31 184 8 4 172 287
31 187 1 5 327 397
31 189 9 1 160 169
32 151 2 5 474 390
32 152 15 8 113 462
32 153 3 7 106 310
32 158 8 5 98 374
32 164 8 3 494 467
32 167 6 9 249 249
32 170 4 7 479 67
32 172 8 3 434 275
32 174 5 6 447 345
32 176 2 14 478 486
32 177 2 15 446 179
32 178 8 8 209 351
32 180 3 8 449 138
32 181 2 11 489 47
32 182 9 6 199 327
32 183 7 4 314 274
32 184 9 2 487 251
32 185 4 5 438 237
32 186 2 9 486 427
32 188 8 4 273 173
32 189 8 9 121 141
32 190 6 6 198 202
32 191 3 5 470 37
33 147 2 1 215 329
33 149 5 8 112 216
33 150 1 9 498 53
33 151 7 2 338 329
33 152 3 8 198 142
33 153 2 7 340 91
33 154 2 9 265 326
33 155 8 2 299 283
33 156 2 10 240 7
33 157 5 3 321 331
33 158 2 12 465 75
33 159 4 4 302 395
33 160 2 5 484 183
33 161 9 5 108 479
33 162 2 5 487 179
33 163 5 7 486 64
33 164 2 5 489 202
33 165 6 6 136 373
33 167 2 5 490 413
33 170 1 9 489 353
33 178 11 5 190 142
33 184 9 2 124 176
33 187 5 2 164 167
34 148 5 6 159 246
34 149 5 8 120 445
34 150 8 8 172 264
34 151 4 5 481 421
34 152 10 5 193 143
34 153 6 4 403 492
34 154 6 8 202 217
34 155 3 9 360 140
34 156 7 3 463 275
34 157 1 20 487 373
34 159 5 4 488 293
34 161 6 5 326 500
34 163 10 7 228 162
34 164 9 7 188 414
34 167 9 10 238 41
34 170 3 8 183 286
34 172 7 9 165 129
34 180 5 9 216 249
34 183 16 8 168 341
35 159 8 6 283 44
35 164 9 4 376 225
35 170 2 4 115 285
35 173 2 14 483 244
35 175 8 10 169 435
35 176 8 4 221 381
35 177 3 5 470 55
35 180 3 7 335 278
35 181 5 3 468 210
35 183 8 2 438 419
35 184 10 7 100 462
35 185 3 5 465 111
35 186 2 7 498 481
35 187 3 5 455 115
35 188 6 5 227 218
35 190 6 7 134 227
35 191 3 7 336 435
103 212 3 5 78 331
103 214 6 5 166 99
103 215 3 8 248 129
103 216 7 4 213 213
103 217 6 3 332 210
103 218 8 4 210 136
103 219 10 6 187 395
103 220 7 4 401 125
103 221 4 6 468 437
103 222 2 19 447 101
103 223 7 5 486 264
103 224 10 7 244 444
103 225 3 12 475 418
103 226 2 18 476 162
103 227 7 5 490 186
103 228 3 12 477 489
103 229 8 5 430 432
103 238 9 6 319 218
103 245 2 3 250 281
104 228 1 8 64 306
105 212 2 2 192 179
105 221 7 7 175 7
106 212 2 2 193 19
106 228 7 7 181 134
107 213 9 6 228 365
107 228 8 9 250 59
107 238 6 8 425 38
107 245 3 16 484 219
108 212 3 2 129 439
108 221 10 8 212 341
108 227 10 7 200 197
108 228 4 10 451 457
108 229 6 5 465 308
108 230 3 10 464 384
108 231 2 14 497 317
108 233 9 4 386 220
108 234 3 10 463 17
108 236 9 7 220 302
108 237 3 14 486 319
108 239 10 3 461 178
108 241 8 8 216 309
108 242 7 10 139 39
108 243 9 7 154 24
108 244 1 20 483 22
108 245 10 5 464 186
108 246 9 7 153 160
108 248 4 3 130 439
108 249 1 10 123 210
109 212 1 6 130 155
109 221 6 4 356 408
109 228 2 19 475 153
110 212 8 5 56 14
110 214 4 6 229 298
110 215 2 10 275 364
110 216 5 3 367 330
110 217 8 9 77 235
110 218 5 5 222 170
110 219 2 8 347 446
110 220 5 6 186 287
110 221 4 10 140 362
110 222 5 4 281 475
110 223 8 5 141 86
110 224 8 4 234 283
110 225 5 7 236 276
110 226 1 17 486 35
110 227 8 9 216 430
110 228 8 5 452 421
110 229 2 16 488 281
110 230 10 4 391 225
110 231 2 16 489 408
110 237 10 5 408 117
110 238 8 7 248 225
110 243 12 4 327 294
111 212 3 6 113 192
111 213 9 8 141 124
111 223 4 7 346 156
111 227 4 5 484 159
111 231 8 3 403 424
111 232 3 7 460 228
111 233 3 7 459 281
111 234 3 7 458 112
111 235 8 10 120 95
111 236 2 10 476 310
111 237 8 3 396 187
111 238 4 11 463 420
111 239 4 8 280 423
111 240 4 6 373 471
111 241 2 9 496 105
111 242 5 6 297 384
111 243 8 3 370 49
111 244 8 9 123 52
111 245 8 3 287 148
111 247 2 7 491 251
111 248 6 8 143 175
112 228 7 8 323 314
112 249 1 12 497 202
113 212 7 5 94 289
113 226 8 5 462 49
113 228 4 9 165 105
113 234 8 9 246 474
113 235 8 4 485 28
113 236 3 10 491 216
113 237 5 9 453 352
113 238 2 20 367 354
113 239 5 6 489 435
113 240 4 8 458 291
113 241 2 15 488 224
113 242 2 17 430 10
113 243 2 13 463 13
113 244 9 5 267 357
113 245 9 6 222 69
113 246 3 8 77 427
113 248 2 4 159 7
113 249 2 6 481 437
114 212 1 7 471 383
114 237 3 14 485 436
115 213 4 3 409 410
115 221 3 6 474 37
115 237 9 5 452 361
115 238 3 14 484 156
115 249 7 2 412 317
116 213 2 10 245 287
116 221 7 6 203 286
116 237 3 14 484 220
116 238 3 14 483 472
116 245 3 16 483 178
117 213 6 9 84 354
117 218 4 11 492 500
117 222 9 5 481 267
117 230 6 9 400 416
117 232 3 15 479 152
117 233 4 11 489 421
117 234 3 16 448 44
117 235 4 11 488 61
117 236 4 11 487 127
117 237 6 7 483 333
117 238 10 9 225 421
117 239 1 20 483 11
117 240 8 9 134 488
117 241 6 3 319 298
117 242 3 4 477 9
117 243 3 5 381 48
117 244 2 6 475 109
117 245 8 9 79 259
117 246 3 10 56 133
117 248 5 2 165 392
118 213 8 9 68 6
118 221 6 3 472 120
118 228 8 9 252 232
118 238 7 9 210 147
119 213 7 9 77 150
119 221 7 6 202 203
119 238 9 8 183 88
119 245 5 10 463 357
119 249 10 2 288 92
120 212 1 8 73 195
120 214 8 1 189 104
120 215 2 6 127 1
120 216 5 7 44 41
120 217 2 6 190 297
120 218 5 6 77 495
120 219 4 7 83 216
120 220 4 10 66 322
120 221 4 5 424 389
120 222 9 4 211 194
120 223 6 3 423 76
120 225 1 2 209 139
120 226 9 2 424 470
120 227 2 9 425 272
120 228 9 8 107 440
120 231 5 8 230 440
120 238 2 14 470 368
120 245 10 10 231 318
120 249 6 3 319 94
121 213 1 6 101 474
121 221 3 8 353 445
121 238 10 9 146 224
121 245 4 7 175 239
121 249 6 6 159 288
122 212 8 3 214 461
122 213 6 5 219 203
122 214 8 2 411 121
122 215 5 8 165 274
122 216 3 9 245 413
122 217 4 4 499 178
122 218 1 16 500 301
122 219 6 6 223 439
122 221 4 5 423 201
122 223 1 5 122 173
122 224 3 6 471 481
122 226 5 6 283 337
122 227 1 17 500 351
122 231 8 5 249 112
122 237 7 6 241 189
122 238 2 9 128 483
122 239 9 6 232 317
122 245 10 3 133 200
122 249 9 8 79 164
123 213 2 8 122 291
124 213 6 6 54 27
124 221 2 7 47 409
124 237 2 1 225 378
124 238 10 2 115 445
124 245 9 7 63 64
124 249 6 2 224 447
125 212 7 6 207 153
125 214 7 8 156 324
125 215 10 4 219 39
125 216 10 8 110 238
125 217 6 3 489 418
125 218 9 6 182 315
125 219 3 8 410 160
125 220 9 4 274 12
125 221 9 5 220 90
125 222 4 9 276 240
125 223 2 10 497 286
125 224 3 7 474 380
125 226 4 9 277 395
125 237 10 9 241 65
156 202 4 7 164 139
156 218 5 2 128 145
157 199 9 1 159 250
157 202 5 10 92 345
157 207 8 10 95 196
158 199 2 9 181 404
158 200 4 2 408 59
158 201 4 5 164 282
158 202 8 1 411 403
158 203 3 4 275 60
158 204 7 8 137 155
158 205 7 3 366 153
158 206 9 7 221 164
158 207 7 4 498 286
158 211 7 7 285 386
158 218 5 2 129 134
159 199 7 2 233 91
159 218 2 2 323 413
160 199 6 2 272 74
160 204 9 4 421 201
160 207 9 9 249 395
160 209 10 5 303 494
160 210 2 4 217 169
160 214 7 9 240 252
160 215 2 4 236 109
160 216 2 8 482 130
160 218 7 2 134 101
161 197 10 9 156 408
161 199 3 10 109 235
161 202 9 2 399 367
161 207 7 6 481 88
161 212 3 6 431 459
161 213 3 6 430 187
161 214 7 6 184 302
161 215 2 8 482 481
161 216 8 9 107 25
161 218 3 5 62 192
162 202 4 8 151 287
162 206 2 13 497 232
162 208 5 6 430 355
162 211 2 13 496 199
162 212 2 13 495 147
162 213 4 7 459 487
162 214 8 7 229 344
162 215 8 9 178 369
162 216 7 2 249 133
162 218 5 8 47 337
163 207 3 14 482 452
163 216 2 2 122 209
164 199 2 5 53 9
164 200 3 2 226 87
164 201 9 3 249 263
164 202 5 8 232 163
164 203 9 5 241 36
164 204 8 8 170 285
164 205 4 6 454 249
164 207 7 6 483 450
164 212 7 4 438 370
164 218 2 6 221 213
165 216 6 9 9 271
166 202 5 10 203 87
