640 250 1000
0 130 1 19 389 480
0 164 17 19 152 227
0 221 7 3 476 26
1 46 1 11 374 408
1 163 19 5 19 115
3 8 3 2 307 97
4 10 17 10 349 11
4 131 7 1 323 299
5 37 4 3 9 131
5 72 12 20 448 284
5 239 1 13 175 129
5 240 13 3 280 210
6 99 3 10 13 186
6 120 3 20 275 299
6 181 15 5 325 453
6 240 1 6 69 494
8 55 18 19 332 465
8 207 19 13 15 81
8 232 5 19 388 67
15 69 3 10 333 465
15 171 16 15 196 484
16 59 20 20 130 47
17 132 12 10 116 444
18 102 3 7 363 240
20 170 3 5 94 411
21 70 16 3 128 286
21 236 19 9 234 143
22 24 14 1 205 279
22 171 7 10 415 354
23 119 1 19 458 452
24 90 11 9 295 281
24 132 15 20 36 431
25 59 4 16 372 226
25 131 15 14 444 205
25 213 15 16 64 128
27 195 8 15 115 68
27 233 16 10 392 160
28 86 7 8 220 360
28 122 14 11 308 355
28 180 9 16 168 184
29 77 19 4 291 217
30 95 6 14 46 2
31 105 7 20 327 212
31 162 4 6 195 260
33 38 5 8 353 328
33 156 5 9 452 151
35 4 18 15 383 318
35 249 3 15 458 188
37 4 6 20 434 75
37 132 1 13 341 135
40 7 11 2 190 128
40 150 12 5 375 90
41 46 11 17 470 353
42 115 3 11 42 12
44 53 4 6 54 111
44 61 8 10 184 380
44 62 8 6 150 52
44 65 2 8 448 367
44 66 10 2 358 386
44 67 2 8 447 254
44 68 10 2 357 344
44 69 4 4 445 200
44 70 4 8 222 115
44 71 1 8 394 22
44 72 5 7 90 32
44 73 4 7 112 432
44 74 6 7 74 211
45 53 9 2 241 310
45 61 8 4 69 115
45 62 2 13 472 492
45 65 7 4 437 434
45 71 4 7 434 414
45 72 2 14 433 457
45 73 2 12 493 389
45 74 7 8 211 307
45 76 2 10 208 398
45 173 16 9 224 30
46 32 10 4 296 402
46 50 6 3 461 423
46 52 13 12 117 190
46 56 5 4 414 431
46 59 1 1 167 160
46 61 6 9 153 213
46 67 8 3 343 421
46 68 10 3 274 245
46 69 6 9 152 366
46 70 10 4 204 309
46 71 3 6 453 376
46 72 5 9 181 276
46 73 7 7 158 7
46 74 10 6 129 417
46 75 6 10 44 95
46 140 20 9 344 294
46 199 16 15 222 458
47 49 7 8 43 74
47 52 9 7 45 455
47 53 2 5 434 213
47 54 2 3 474 271
47 55 5 9 200 365
47 56 7 7 186 282
47 57 1 19 480 40
47 59 1 19 482 177
47 60 1 19 483 166
47 65 10 4 429 316
47 70 9 7 147 404
47 72 9 4 258 120
47 74 4 5 465 247
48 49 6 5 223 243
48 54 6 6 170 362
48 55 5 6 222 408
48 56 3 2 178 199
48 60 2 7 475 53
48 65 8 9 238 493
48 66 4 8 207 188
48 68 1 14 471 41
48 69 7 4 235 339
48 70 3 5 437 36
48 71 8 9 91 467
48 72 2 7 463 392
48 73 6 8 135 299
48 75 9 4 44 148
48 76 9 1 175 178
49 55 7 5 449 420
49 56 1 7 205 474
49 62 4 8 491 118
49 63 9 7 249 34
49 68 8 4 395 203
49 69 6 9 234 206
49 70 2 13 485 91
49 72 5 7 201 339
49 73 7 7 143 322
49 74 1 3 332 486
49 75 7 1 142 109
49 230 2 18 300 173
50 34 9 20 198 192
50 50 9 11 322 222
50 170 10 16 427 9
50 211 19 13 404 472
53 41 11 8 98 417
53 69 13 13 444 439
56 160 3 9 285 36
59 43 1 19 314 205
59 220 4 14 243 20
60 2 8 12 51 472
62 25 18 1 257 55
63 52 2 20 454 46
63 135 7 13 48 470
63 239 5 2 444 48
63 245 14 13 310 55
64 32 6 3 403 82
64 122 18 10 166 337
64 174 15 20 369 146
65 69 5 4 202 98
67 170 11 5 250 225
70 96 17 1 409 445
70 108 12 14 14 324
70 249 12 2 350 146
71 67 5 9 495 428
72 114 17 13 2 218
73 158 8 9 499 286
75 21 3 3 98 87
75 46 17 6 93 131
76 178 9 10 273 93
76 191 2 14 402 458
78 39 12 9 500 164
78 248 12 18 478 200
79 92 16 20 414 114
81 191 14 1 91 458
83 173 9 7 258 31
85 146 4 11 397 454
85 147 12 1 374 16
86 38 2 13 151 167
86 208 9 7 45 59
86 216 6 20 47 155
87 55 2 12 57 334
87 94 9 13 420 198
89 55 17 3 184 245
89 208 15 12 261 10
90 21 9 3 60 361
90 33 19 7 484 48
91 186 11 20 389 330
91 240 20 6 388 497
92 142 16 6 365 235
93 18 5 12 195 130
93 80 3 3 5 445
93 134 18 3 422 483
94 175 5 1 44 142
94 179 13 5 248 384
94 192 6 6 447 131
94 193 8 5 402 314
94 194 3 11 487 140
94 195 6 9 297 239
94 196 7 9 254 320
94 197 2 16 499 281
94 199 2 16 498 103
94 200 2 20 398 101
94 201 2 16 497 110
94 202 2 20 397 320
94 203 7 5 453 152
94 204 8 4 495 360
94 205 7 9 232 58
94 206 9 4 347 207
94 208 2 13 479 377
94 209 7 4 444 425
94 210 10 6 207 15
94 211 8 4 388 44
94 213 9 9 153 223
94 245 11 4 296 279
95 21 1 11 391 293
95 175 3 1 137 242
95 178 9 9 194 268
95 180 9 5 153 465
95 187 7 5 448 421
95 194 2 15 494 404
95 195 5 9 329 64
95 196 2 15 493 295
95 198 4 8 462 177
95 199 4 8 461 360
95 201 9 4 409 415
95 202 8 9 204 433
95 203 2 14 467 218
95 205 8 4 408 471
95 206 4 9 362 182
95 207 6 8 271 239
95 208 5 6 433 101
95 209 7 4 463 364
95 210 4 7 462 360
95 211 5 6 431 70
95 212 9 7 205 167
95 227 5 18 211 257
96 175 3 6 204 82
96 183 8 3 492 477
96 191 3 8 491 5
96 192 9 6 218 400
96 193 5 5 470 439
96 196 2 17 322 490
96 197 2 12 456 79
96 199 6 7 260 424
96 201 3 8 453 215
96 203 6 5 361 288
96 205 2 4 402 227
96 206 1 9 357 363
96 207 3 10 107 323
96 209 10 4 80 405
96 210 5 6 42 206
96 211 3 2 207 179
97 192 6 6 203 375
97 195 2 8 454 403
97 196 2 15 484 13
97 197 4 7 259 212
97 198 4 9 201 199
97 200 10 5 120 268
97 201 7 5 311 121
97 202 3 8 249 494
97 203 2 6 496 194
97 205 8 9 82 497
97 206 2 6 486 187
97 207 4 7 208 287
97 209 3 4 477 393
97 210 3 5 381 55
97 211 10 2 285 77
97 212 4 6 237 204
97 240 3 17 290 26
98 194 2 4 139 343
98 196 3 8 494 483
98 199 3 12 492 34
98 201 4 7 421 400
98 204 2 12 490 343
98 205 2 12 489 158
98 206 5 6 391 388
98 207 5 6 193 80
98 208 5 7 335 358
98 209 6 10 217 175
98 210 2 6 208 128
98 211 5 3 177 174
98 212 10 3 45 256
99 153 19 1 290 206
99 175 3 7 175 353
99 180 5 10 137 478
99 189 7 4 390 379
99 194 10 7 118 253
99 195 7 4 389 86
99 196 5 5 435 346
99 197 5 5 434 196
99 198 2 11 493 485
99 200 4 6 451 25
99 201 3 8 450 342
99 202 6 5 490 103
99 203 9 5 239 479
99 205 2 5 485 495
99 206 4 10 484 404
99 207 5 2 483 306
99 208 2 10 241 76
99 209 3 9 76 374
99 210 3 6 91 369
99 211 4 5 132 234
99 213 5 5 65 79
100 175 2 2 129 313
100 189 9 6 121 236
100 194 4 9 180 201
100 195 1 13 482 81
100 196 3 7 298 106
100 197 5 3 416 451
100 198 2 7 445 104
100 199 5 3 415 417
100 200 8 7 111 62
100 201 4 8 193 425
100 203 9 2 323 322
100 204 4 3 483 254
100 205 3 4 482 28
100 207 6 5 192 38
100 208 1 12 478 5
100 209 7 9 91 20
100 210 6 5 189 52
100 211 5 2 459 469
100 213 5 4 229 254
101 177 10 7 104 330
102 47 5 8 219 339
102 73 19 10 46 283
102 207 3 13 411 210
102 214 6 3 395 452
102 218 7 5 203 351
102 219 6 7 135 52
102 220 8 4 222 127
102 229 8 2 19 101
102 230 8 4 442 7
103 73 7 19 332 123
103 202 12 1 221 123
103 219 6 5 190 384
103 221 8 7 206 183
103 222 8 5 287 380
103 223 10 5 229 177
103 224 9 2 471 234
103 225 9 2 470 488
103 226 5 5 338 209
103 227 8 6 176 119
104 215 6 2 9 428
104 217 8 2 233 116
104 218 8 8 128 334
104 220 10 8 173 394
104 222 3 10 462 109
104 229 3 5 136 447
104 230 1 5 199 381
105 38 13 12 95 426
105 71 1 2 325 34
105 219 5 4 286 97
105 226 2 14 491 485
106 214 1 14 386 166
106 216 19 5 320 300
106 230 7 10 202 404
107 14 19 10 69 271
107 126 16 15 6 232
107 154 4 18 187 158
107 168 15 14 176 355
107 219 2 14 493 495
107 220 4 9 383 386
107 223 4 7 492 301
107 225 2 14 491 387
107 226 10 6 229 107
107 227 2 6 99 137
107 228 7 2 31 363
107 229 1 1 215 82
108 127 14 16 244 72
108 249 12 11 322 368
109 200 9 17 294 364
110 26 20 8 214 168
110 27 9 18 389 380
111 190 14 11 339 217
112 65 2 12 356 312
112 174 17 1 415 183
113 63 15 10 365 438
113 74 12 11 474 61
113 164 16 5 177 207
115 87 20 15 90 151
115 195 15 11 458 448
116 126 5 9 363 443
117 6 19 13 270 315
118 86 3 2 163 340
119 157 20 12 170 159
119 161 12 2 490 364
119 220 1 18 290 95
120 159 18 6 442 231
121 92 13 11 213 3
124 12 3 11 111 185
127 44 13 17 343 396
127 114 6 18 240 30
127 216 6 4 410 155
127 222 6 4 409 229
127 223 10 7 140 290
127 224 7 2 368 231
127 226 6 4 214 375
127 228 4 6 143 315
127 229 1 1 146 319
128 74 16 7 3 456
128 215 6 3 243 182
128 217 4 9 122 131
128 218 7 6 134 110
128 219 4 4 352 107
128 220 3 7 269 446
128 221 10 8 89 47
128 223 10 9 80 227
128 226 4 7 136 259
128 228 5 4 12 41
128 230 8 1 161 118
128 247 8 15 136 91
129 215 7 8 165 189
129 220 10 8 115 447
129 223 8 8 143 344
129 227 8 9 126 242
129 228 5 3 111 30
129 229 1 6 29 197
130 9 10 10 235 64
130 43 9 4 480 53
130 57 19 9 451 321
130 215 8 3 386 68
130 217 9 5 98 465
130 226 9 4 106 19
130 228 8 5 104 217
131 215 9 3 344 355
131 225 4 3 253 9
131 228 6 2 347 255
132 182 16 9 222 453
132 215 5 10 248 141
132 217 1 3 63 418
132 233 18 9 58 127
133 215 9 5 276 101
133 228 6 6 211 337
134 68 8 5 317 45
134 215 8 10 238 463
134 225 6 2 115 78
134 226 5 2 382 392
135 5 9 13 256 220
135 103 15 20 161 141
135 225 6 1 229 262
135 228 6 9 231 92
136 226 9 1 425 175
136 228 7 4 446 330
137 149 15 4 308 361
137 215 5 8 112 394
137 217 3 3 498 156
137 218 4 3 443 459
137 219 6 4 222 32
137 220 9 8 79 351
137 221 2 6 451 395
137 222 6 6 151 437
137 223 8 2 345 268
137 224 4 6 231 10
137 225 2 9 76 250
137 226 4 2 479 196
139 217 6 4 423 394
139 219 6 10 169 394
139 220 7 5 163 348
139 226 10 8 120 185
139 230 7 9 152 148
139 234 3 4 25 163
140 26 7 2 494 222
140 35 1 2 50 272
140 48 3 12 467 262
140 50 8 10 210 423
140 54 9 10 186 63
140 55 3 6 423 483
140 57 6 5 253 155
140 58 9 6 140 215
140 59 4 9 100 98
140 60 2 8 190 292
140 61 8 3 126 115
140 63 5 6 100 439
140 64 7 7 61 35
140 65 10 3 78 110
140 74 5 19 194 109
141 23 3 7 9 115
141 25 2 2 159 89
141 26 10 5 68 338
141 27 3 3 378 39
141 29 10 10 74 335
141 30 6 7 177 376
141 31 2 8 465 8
141 34 1 15 499 497
141 35 8 4 234 204
141 40 9 2 419 23
141 41 7 9 183 248
141 42 6 4 481 406
141 43 2 12 482 467
141 44 9 10 97 458
141 58 6 3 498 404
141 80 5 16 419 308
141 135 14 18 364 317
142 23 2 3 96 85
142 25 4 3 49 127
142 28 2 7 156 448
142 29 7 7 234 98
142 32 8 3 482 218
142 33 7 7 237 84
142 34 3 8 484 417
142 36 3 8 485 187
142 39 3 10 390 134
142 40 2 12 488 453
142 44 10 4 219 285
142 46 6 5 391 403
142 57 8 6 464 269
142 68 7 7 227 321
142 106 1 15 320 497
143 24 7 2 155 376
143 25 1 5 435 138
143 26 3 5 461 114
143 28 8 1 274 95
143 29 9 9 216 329
143 30 4 9 487 449
143 31 3 12 488 487
143 32 7 6 419 360
143 33 2 18 489 445
143 34 7 6 420 467
143 35 9 6 327 446
143 37 5 8 442 429
143 38 5 8 443 223
143 39 2 18 493 190
143 43 6 9 329 394
143 44 5 6 293 319
143 58 15 3 395 291
143 66 8 8 278 393
143 68 8 3 464 370
144 35 10 6 295 148
144 38 5 8 53 406
144 46 3 14 473 158
144 50 2 20 492 254
144 52 9 5 432 469
144 54 4 10 484 467
144 55 3 13 496 369
144 57 7 7 394 302
144 58 5 8 482 52
144 62 1 7 457 7
144 63 8 7 57 126
144 64 8 2 197 112
144 67 3 6 174 319
144 68 8 7 199 390
145 26 9 2 384 193
145 35 5 8 443 234
145 68 5 10 223 146
146 23 5 3 93 32
146 25 1 7 198 434
146 26 2 2 347 239
146 27 6 5 47 326
146 28 1 4 353 337
146 29 5 2 198 123
146 30 7 8 149 19
146 31 7 8 150 223
146 32 7 3 401 265
146 33 8 7 151 161
146 34 9 2 470 158
146 35 8 3 353 52
146 37 5 8 213 322
146 41 4 8 267 163
146 45 9 4 202 198
146 49 8 9 119 397
146 56 9 9 110 375
146 58 2 2 200 128
146 68 2 18 389 414
146 149 5 17 312 227
146 210 2 8 142 308
147 26 9 7 241 4
147 34 11 2 242 311
147 35 3 4 202 64
147 45 5 6 177 408
147 50 7 2 379 228
147 51 9 3 196 429
147 52 1 8 491 256
147 53 7 10 56 154
147 56 2 4 485 8
147 57 5 5 155 33
147 59 2 10 193 191
147 60 6 6 107 34
147 63 4 2 322 290
147 64 3 6 143 500
147 65 5 2 172 178
147 67 6 10 20 392
147 68 4 8 438 213
147 74 15 12 11 159
147 180 9 4 47 30
148 38 2 17 498 248
148 57 3 15 494 244
148 120 11 11 365 79
148 122 4 12 47 105
149 26 3 7 217 153
149 37 5 8 229 382
149 38 8 5 228 334
149 46 7 7 185 305
149 48 3 7 430 395
149 50 5 5 361 166
149 51 2 10 451 222
149 52 8 9 125 456
149 53 3 6 496 204
149 54 1 18 495 390
149 55 8 3 371 443
149 56 6 3 494 135
149 57 5 10 444 357
149 58 6 3 493 207
149 59 5 4 443 258
149 60 6 5 295 116
149 61 1 18 491 93
149 62 6 7 210 298
149 63 6 9 149 340
149 64 8 10 100 258
149 65 8 2 498 239
149 66 7 7 105 16
150 18 16 20 122 316
150 26 6 7 67 258
150 36 3 7 468 248
150 38 9 10 188 59
150 39 6 5 327 147
150 43 10 4 245 369
150 55 1 15 476 230
150 56 6 6 221 285
150 57 2 10 355 329
150 58 4 5 429 121
150 59 1 15 472 334
150 61 10 3 235 299
150 64 3 4 75 194
150 65 4 3 74 377
150 66 2 5 29 498
150 96 8 4 414 356
151 26 5 1 226 152
151 38 6 8 225 65
151 40 2 6 255 87
151 44 8 4 370 327
151 45 9 3 137 143
151 56 9 2 441 414
151 58 8 5 214 271
151 144 13 16 260 477
152 4 15 7 112 481
152 38 3 10 177 44
152 45 6 8 68 500
152 108 9 10 108 317
152 235 5 9 384 280
153 23 1 8 220 196
153 25 2 9 237 430
153 26 9 7 68 134
153 27 7 8 196 11
153 28 5 5 440 463
153 30 3 10 368 482
153 32 4 10 277 202
153 33 7 4 396 223
153 35 5 9 253 326
153 36 2 12 475 440
153 37 5 5 457 60
153 38 8 5 286 321
153 39 3 8 477 133
153 56 8 8 104 168
153 58 7 8 151 429
154 38 4 6 220 498
154 45 2 8 203 55
154 56 4 10 80 358
154 57 3 9 45 357
154 58 5 8 210 73
155 23 1 5 167 190
155 26 3 5 382 47
155 27 2 6 478 160
155 29 4 6 484 427
155 30 2 12 485 410
155 31 3 8 486 437
155 32 3 8 498 127
155 33 2 19 315 210
155 34 2 12 499 414
155 36 2 13 463 297
155 38 3 9 447 251
155 39 2 13 465 52
155 41 5 5 485 487
155 42 10 4 304 387
155 44 7 5 348 64
155 57 9 6 238 350
155 59 9 3 477 366
156 204 20 5 75 183
158 174 4 14 7 190
160 94 20 7 149 447
160 166 17 12 309 295
161 11 8 6 127 406
162 166 19 17 430 60
162 211 7 8 218 460
163 63 2 12 248 152
164 181 6 13 11 75
164 198 15 4 269 199
166 75 7 1 270 247
167 4 13 14 255 124
167 48 4 19 477 332
167 146 16 10 166 390
168 18 18 11 317 356
168 114 3 7 252 363
168 210 10 8 67 386
169 15 7 14 126 320
171 25 6 1 56 320
172 111 4 2 311 288
172 241 6 9 307 76
173 25 20 10 392 78
173 231 15 9 130 250
175 86 3 15 2 321
175 201 16 17 488 380
176 4 3 5 114 473
176 98 17 3 9 281
176 235 7 3 54 196
177 3 5 8 35 42
178 31 16 16 216 26
178 87 19 14 451 74
178 168 18 9 222 230
179 103 14 17 280 145
180 93 7 4 27 125
180 103 19 2 486 357
180 187 14 18 246 380
183 150 1 9 432 18
183 221 5 1 202 460
183 222 2 4 173 40
183 223 8 1 174 270
183 224 7 1 199 247
183 225 7 7 159 354
183 226 6 3 433 392
183 227 5 6 260 188
183 228 8 2 491 309
183 231 14 2 114 447
183 233 5 8 197 210
183 235 6 8 165 282
183 238 5 4 397 411
183 245 7 3 470 419
184 7 13 16 407 22
184 170 5 11 466 387
184 225 2 2 65 107
184 230 5 7 498 280
184 233 2 7 165 171
184 237 7 5 467 93
184 238 3 11 495 334
184 239 9 10 167 477
184 242 5 4 418 179
184 243 8 9 116 183
184 244 8 3 346 218
184 245 6 3 460 303
184 246 6 7 197 328
185 40 5 14 389 253
185 219 10 6 150 122
185 230 9 1 84 58
185 240 13 10 207 211
185 242 4 4 249 49
186 122 12 20 399 490
186 138 3 17 191 17
186 225 2 9 110 184
186 234 5 9 169 415
186 235 4 6 279 401
186 237 8 6 139 351
186 238 5 7 170 238
186 239 2 6 493 87
186 241 6 2 445 174
186 242 1 11 485 14
186 243 9 2 295 237
186 244 3 9 308 300
186 245 5 2 172 234
186 246 8 2 107 83
186 248 5 10 34 400
187 83 5 16 312 75
187 171 2 11 256 120
187 218 5 17 379 440
187 219 1 19 475 468
187 225 7 6 48 418
187 230 1 4 193 242
187 234 9 4 319 177
187 237 9 3 425 388
187 238 2 12 478 78
187 239 3 8 477 61
187 241 3 9 402 204
187 242 2 11 493 218
187 243 5 5 433 204
187 244 9 8 150 166
187 245 6 5 358 237
187 246 10 7 153 472
187 247 4 10 233 133
188 176 9 10 131 116
188 219 8 3 377 104
188 221 3 7 166 104
188 222 3 5 233 59
188 224 5 9 158 477
188 225 6 3 396 57
188 226 2 8 446 330
188 227 2 8 447 32
188 228 7 7 146 251
188 229 2 8 448 95
188 230 4 8 225 349
188 231 2 8 451 59
188 232 7 3 344 188
188 235 3 5 482 155
188 239 4 7 259 119
188 242 2 11 494 380
189 48 9 15 267 450
189 225 3 5 476 184
189 228 3 8 479 139
189 229 6 6 479 109
189 230 7 9 115 160
189 233 2 12 477 244
189 238 10 2 495 217
189 239 4 5 494 168
189 242 4 5 476 352
189 243 6 8 198 161
189 244 7 4 397 26
190 219 2 10 454 118
190 225 7 7 146 190
190 242 5 9 242 285
190 244 2 12 464 90
191 92 10 7 457 470
191 147 6 2 410 295
191 219 5 6 303 483
191 225 1 15 477 341
191 230 2 8 457 135
191 233 10 3 381 173
191 242 2 11 496 218
192 173 8 7 456 400
192 219 9 9 113 172
192 228 4 7 440 37
192 232 3 9 456 345
192 235 9 5 273 389
192 238 2 13 471 191
192 239 2 15 408 89
192 240 9 9 151 329
192 241 7 6 287 296
192 242 2 13 463 266
192 243 9 8 167 259
192 244 4 9 458 1
192 246 8 5 261 487
192 247 3 7 491 142
192 248 5 10 206 190
193 34 18 15 214 100
193 244 8 8 258 283
193 246 14 4 149 259
194 219 1 19 482 35
194 228 9 7 182 271
195 104 9 6 87 17
195 225 1 2 178 20
195 230 2 17 337 159
195 231 2 12 477 68
195 233 8 4 357 117
195 234 9 9 141 274
195 235 2 12 473 200
195 237 7 4 405 361
195 238 2 12 472 271
195 240 2 12 470 99
195 241 2 12 469 312
195 242 5 9 268 309
195 243 7 5 321 405
195 244 3 8 468 250
195 245 5 5 449 113
195 247 6 9 77 239
196 225 7 8 62 255
196 228 2 9 456 351
196 230 2 12 478 286
196 235 2 7 237 20
196 236 3 10 472 413
196 239 2 15 471 54
196 240 8 6 294 290
196 241 3 11 468 320
196 243 10 6 234 225
196 244 8 2 451 142
196 245 7 2 327 357
196 247 5 6 139 76
197 195 15 12 370 54
197 228 5 10 164 21
197 231 6 5 106 293
198 32 20 14 423 399
198 107 18 18 30 250
198 219 6 8 191 23
198 230 3 9 425 69
198 231 2 2 80 225
198 240 8 7 135 101
199 150 2 14 128 245
199 215 6 8 317 247
199 228 5 5 178 110
199 233 10 6 177 168
199 235 7 2 358 230
199 239 2 7 180 370
199 240 3 9 279 192
199 241 2 5 249 62
199 242 10 1 248 68
199 243 3 2 412 213
199 245 2 3 410 13
199 246 2 3 409 36
200 228 2 4 457 498
200 233 6 3 476 238
200 235 1 11 455 177
200 246 4 6 434 209
201 104 15 1 11 406
201 225 10 4 179 119
201 228 5 10 73 58
201 231 7 4 109 220
201 233 1 6 89 40
201 235 4 9 139 89
201 237 20 8 405 48
201 240 4 4 470 365
201 244 8 6 345 127
201 246 6 5 347 284
202 225 2 8 448 123
202 228 3 3 361 166
202 231 9 1 337 150
202 235 9 4 138 361
202 241 2 16 481 7
202 243 15 18 300 355
202 246 10 5 208 46
203 222 2 8 158 195
203 223 10 6 107 4
203 224 6 3 357 240
203 225 8 2 402 439
203 226 7 2 460 90
203 228 7 2 232 416
203 230 5 3 430 109
203 231 8 7 54 389
203 235 6 3 275 359
203 236 6 3 359 320
203 243 7 5 185 391
203 244 5 3 478 133
203 246 9 5 164 401
204 173 16 17 195 25
204 174 16 20 218 316
204 228 1 3 471 303
204 231 3 8 125 236
204 233 1 18 474 95
204 235 2 7 353 434
204 241 4 8 480 90
204 246 6 3 409 242
205 228 2 3 235 412
205 230 7 4 410 426
205 231 2 4 374 426
205 233 2 9 473 472
205 235 7 5 141 328
205 240 6 7 179 455
205 241 2 16 479 370
206 228 9 6 26 207
206 231 2 6 249 99
206 233 2 9 472 254
206 242 11 7 157 364
207 109 17 5 18 201
207 228 8 4 24 225
207 230 3 10 383 296
207 231 6 2 149 259
207 233 6 7 202 329
207 240 3 9 277 101
207 241 10 8 191 231
207 246 9 2 76 5
208 86 15 10 466 268
208 110 19 2 66 283
208 240 8 4 233 394
209 219 11 7 122 365
209 228 2 1 240 486
209 231 5 2 22 446
209 233 9 5 188 100
209 235 6 5 161 246
209 246 3 3 150 238
210 63 1 5 378 360
210 127 16 12 157 85
212 18 20 18 455 451
214 200 11 13 203 310
215 79 1 18 468 121
216 124 18 20 37 91
217 248 9 20 352 181
218 178 13 14 51 67
219 35 7 19 84 351
221 44 7 3 355 36
221 120 19 2 428 312
222 68 8 19 164 291
222 104 1 2 20 49
223 84 19 8 88 7
223 113 9 6 346 240
224 24 18 6 249 61
226 56 9 8 392 440
226 69 2 18 168 127
226 70 9 13 88 41
226 99 15 11 317 496
226 215 3 20 180 385
227 8 6 20 226 165
227 76 17 14 107 48
227 114 5 15 394 253
227 192 10 6 37 37
228 103 12 15 357 295
229 247 11 16 246 434
231 117 14 17 159 428
233 78 20 18 151 213
234 169 16 6 211 234
234 211 10 18 198 402
235 4 10 14 130 71
235 33 3 9 206 272
236 66 5 14 308 30
236 93 1 6 468 74
237 37 3 16 465 101
239 174 7 7 457 49
241 55 8 5 319 14
241 102 15 3 379 433
241 172 3 11 87 394
241 174 19 3 433 350
242 54 10 16 331 453
243 69 10 5 93 146
243 210 18 3 9 236
243 235 3 7 330 460
244 18 7 11 464 333
244 136 14 9 86 420
245 69 3 7 216 378
247 184 19 7 215 127
248 23 5 7 108 172
249 72 16 9 279 496
249 92 8 20 251 237
249 231 14 9 454 435
