160 50 100
1 21 2 6 442 21
1 42 5 6 160 187
2 17 3 7 47 447
3 26 4 5 70 13
4 22 7 8 127 383
4 35 1 18 487 182
5 0 6 2 400 271
5 39 2 10 203 357
5 48 8 2 198 119
6 29 4 3 92 483
6 35 6 5 67 384
6 49 1 2 158 89
7 45 8 4 107 290
9 3 9 1 259 94
9 4 7 9 158 368
9 9 4 6 418 435
10 17 6 6 464 438
10 20 17 6 263 113
10 23 5 2 272 189
10 27 2 5 200 425
11 14 7 9 244 298
11 22 8 2 360 146
12 1 15 1 294 459
12 24 5 3 210 240
12 42 3 6 235 258
13 7 7 3 364 334
13 31 7 6 72 354
13 46 7 7 220 216
14 21 7 4 479 454
14 34 8 2 275 243
15 40 13 16 55 131
16 11 10 10 125 281
16 14 4 10 486 220
16 27 7 5 191 342
16 43 2 6 458 82
18 39 13 12 83 341
20 47 7 4 241 249
22 2 8 1 89 189
23 25 7 5 231 457
23 36 10 4 337 63
23 42 4 7 499 295
24 2 2 5 72 251
25 8 5 7 450 446
25 36 2 14 483 117
26 11 2 4 417 355
27 31 10 10 124 333
27 43 5 6 467 104
28 22 5 9 214 468
28 32 10 3 212 467
29 29 8 3 442 187
29 32 10 5 207 55
31 14 4 1 474 36
31 18 9 7 439 353
32 1 3 11 480 470
33 9 7 3 471 129
33 29 3 4 190 83
33 45 6 3 478 500
34 21 10 10 187 337
34 22 10 8 72 376
35 8 5 8 241 209
35 39 2 2 136 143
35 47 2 8 118 377
36 4 6 5 394 337
38 43 6 5 492 234
38 44 5 8 216 167
39 44 7 9 137 348
40 14 5 5 404 250
40 23 2 12 489 267
40 45 4 5 428 53
41 4 20 7 329 441
41 15 7 8 253 300
41 40 6 3 99 459
42 23 2 12 488 160
42 30 6 5 475 123
42 36 3 14 478 434
42 45 7 5 244 490
43 27 2 13 490 381
43 30 7 9 226 428
43 44 9 19 224 7
43 48 6 5 152 103
44 5 2 12 487 492
44 6 3 8 488 261
44 47 5 6 188 408
45 3 4 1 145 157
45 25 2 6 445 107
46 4 2 12 476 30
46 22 10 8 121 298
46 27 6 9 224 399
46 31 2 8 490 109
47 9 2 3 154 236
47 22 4 5 69 168
47 44 7 10 95 16
48 1 4 2 377 151
48 8 2 3 240 138
48 20 10 6 219 306
48 39 1 7 491 137
48 40 8 3 143 281
48 47 8 1 184 470
48 48 1 4 75 329
49 44 8 8 107 24
