160 50 100
1 9 10 7 126 221
1 43 7 3 242 356
4 18 1 5 474 403
4 20 8 4 487 259
5 0 7 8 120 165
5 3 4 1 73 298
5 15 3 16 419 153
5 16 3 14 479 52
5 23 9 5 450 205
5 36 5 9 115 300
5 45 17 19 246 431
6 0 3 3 341 458
6 17 6 3 488 340
6 20 5 9 182 431
6 21 10 3 223 390
6 26 10 1 57 181
7 15 5 10 302 136
7 20 2 15 499 58
8 13 8 7 324 381
8 20 9 10 46 500
8 39 3 8 322 229
9 43 1 19 487 48
10 6 8 5 184 12
10 20 2 8 477 494
10 24 9 3 266 3
12 8 3 4 485 136
12 20 4 5 337 17
12 24 7 6 151 36
13 30 4 9 62 441
14 47 8 4 199 479
15 3 4 8 48 167
18 3 5 8 165 88
19 46 2 6 113 216
20 14 2 11 471 116
20 17 8 6 214 348
20 23 9 5 218 399
20 24 5 2 231 500
20 26 3 1 52 434
21 23 7 2 468 84
21 24 3 3 465 291
22 8 5 3 337 217
22 39 3 11 464 396
22 46 4 2 463 468
23 8 11 19 97 254
23 42 9 8 115 488
23 48 5 2 89 137
24 24 4 9 38 135
26 9 5 3 492 494
26 25 2 10 465 81
27 25 2 15 87 181
27 39 2 16 475 281
27 41 5 10 80 187
28 24 3 9 2 311
28 31 4 4 438 206
29 36 1 2 182 331
30 31 8 3 113 136
30 35 2 8 178 176
30 46 6 6 222 206
31 20 9 8 171 104
32 1 4 5 460 244
32 46 1 3 88 385
33 29 4 5 221 229
33 42 5 5 420 497
34 0 9 3 385 207
34 11 3 3 220 253
34 12 8 2 148 222
34 39 7 10 219 55
35 12 5 3 484 225
35 25 2 5 143 434
36 23 10 6 249 309
36 37 9 6 177 211
36 39 8 9 212 163
37 1 6 7 218 412
37 29 1 2 99 474
39 5 3 8 115 383
39 27 8 1 79 242
40 41 3 2 414 89
41 10 7 2 125 58
41 16 9 8 223 44
41 20 5 8 194 272
42 0 9 6 77 211
42 34 3 9 359 249
43 6 10 8 222 341
43 19 5 2 395 360
44 26 1 4 185 339
44 36 10 7 188 49
45 24 3 3 328 366
45 26 2 4 220 142
45 40 8 3 448 297
45 43 1 13 477 111
46 49 8 6 105 212
47 36 8 4 410 200
47 40 2 19 344 8
47 47 6 7 108 454
48 24 6 4 146 182
48 34 5 6 322 408
48 39 1 20 481 77
48 40 2 10 480 302
48 46 10 10 63 438
48 48 2 2 10 446
