160 50 100
0 6 10 6 181 97
1 2 4 7 434 249
1 21 8 4 112 372
2 8 3 13 490 163
3 21 8 8 73 392
3 39 8 7 36 353
3 40 8 4 246 168
3 45 7 3 111 390
4 11 8 4 419 358
4 28 2 9 480 282
4 48 10 10 238 389
5 3 3 6 79 387
5 5 8 5 129 374
7 5 9 7 253 450
7 16 6 4 90 382
8 44 1 6 422 264
10 21 5 5 219 90
10 24 1 6 209 433
10 31 7 8 88 3
10 37 6 2 411 232
10 45 4 3 445 8
12 10 2 9 467 402
12 16 8 5 209 152
12 18 10 8 104 336
12 39 6 10 147 33
14 25 7 8 177 322
15 13 19 9 114 450
15 24 2 10 492 330
15 25 4 5 493 460
15 32 7 9 158 235
16 10 6 4 197 402
16 16 5 9 224 171
16 19 2 3 69 130
16 27 9 7 223 442
16 29 6 9 261 495
16 34 5 6 498 397
18 16 8 6 211 455
19 4 9 5 43 281
19 6 1 4 308 10
20 3 6 6 177 456
20 8 3 10 478 223
21 11 7 4 418 433
22 4 5 9 149 263
22 6 9 2 39 261
22 34 8 10 230 165
22 36 4 10 461 215
24 4 2 7 483 119
24 16 9 5 402 32
24 42 7 1 194 86
25 1 7 4 451 21
25 3 4 7 230 310
25 40 3 4 248 310
26 16 3 13 465 36
26 40 6 10 115 441
26 42 6 7 99 441
27 10 6 4 492 461
28 16 5 8 455 459
28 30 2 11 479 164
29 15 5 8 416 82
29 24 9 9 199 71
29 35 8 9 118 202
30 4 5 9 155 262
31 8 6 6 214 438
31 14 9 3 246 230
31 19 4 7 169 333
31 39 2 18 473 127
31 40 5 10 340 162
31 43 5 7 483 131
32 1 5 8 319 125
32 8 7 9 245 241
32 30 3 12 467 359
32 43 6 10 184 344
35 14 4 5 416 333
35 15 7 5 474 223
37 24 8 1 465 409
37 30 4 5 322 144
37 31 2 7 461 148
38 36 5 7 448 215
38 46 9 7 195 138
41 5 2 13 497 475
41 17 8 2 69 302
41 20 4 3 77 440
41 45 9 1 92 338
42 15 4 8 360 28
43 11 5 8 279 298
43 24 7 5 487 416
43 41 2 10 175 22
43 43 6 4 145 228
44 5 7 4 223 369
44 35 2 3 383 262
45 12 7 6 171 246
45 13 3 6 344 121
46 11 7 7 226 486
46 35 1 3 188 299
47 20 3 5 37 100
48 20 2 4 120 301
48 25 9 2 393 71
48 29 1 17 493 56
48 31 7 8 190 49
48 35 6 2 7 427
