170 50 100
1 20 10 10 90 415
2 13 6 9 247 270
5 31 2 12 493 63
6 29 7 3 473 418
6 33 6 8 208 88
6 37 4 10 250 73
7 13 5 8 451 61
7 23 6 10 195 276
7 26 2 12 489 487
7 28 4 6 491 130
7 29 7 7 241 405
7 33 9 7 189 64
7 34 2 12 497 99
10 13 3 13 465 166
10 25 7 8 133 439
10 33 2 20 491 38
10 38 3 9 243 105
10 44 6 9 71 205
11 9 2 11 498 164
11 40 3 10 459 270
11 41 5 8 344 94
11 44 8 7 231 71
11 45 3 8 488 355
12 41 3 6 317 17
12 42 3 9 211 375
12 45 7 8 199 455
12 46 5 2 229 390
13 18 7 10 181 121
13 45 10 3 371 375
15 6 8 9 176 37
15 8 10 10 127 156
15 14 9 7 157 5
16 25 10 7 105 94
16 45 1 6 496 158
17 17 2 7 483 173
17 22 2 2 45 115
18 3 9 8 171 281
18 5 2 13 474 337
20 31 7 4 21 500
20 33 7 4 460 363
20 40 7 8 125 447
20 43 3 6 386 29
21 33 3 5 481 406
21 36 5 6 240 315
21 43 1 15 472 490
21 47 9 4 195 90
23 4 1 11 482 228
23 10 8 7 218 454
25 48 3 3 470 416
26 17 6 1 11 222
26 21 5 1 13 120
27 17 5 7 154 46
27 29 9 6 200 490
27 41 2 6 499 47
28 18 5 4 246 155
29 5 5 2 85 396
31 16 9 9 126 292
31 20 9 10 44 392
31 39 4 4 421 118
32 49 7 10 319 216
33 6 2 4 426 204
33 27 4 6 490 471
33 31 7 10 225 163
33 37 7 6 378 192
33 39 3 9 249 172
34 2 2 5 114 468
34 3 1 3 482 452
34 16 10 9 167 130
35 26 2 17 494 279
36 39 4 5 334 495
37 27 2 16 480 291
37 39 7 8 119 253
39 16 2 16 473 321
40 0 5 5 422 30
40 46 7 3 473 95
41 22 2 11 489 225
41 45 2 6 178 278
42 6 2 8 462 202
42 22 6 8 224 24
42 37 5 5 402 208
43 6 5 9 164 69
43 37 6 4 418 1
43 46 4 6 411 375
44 0 8 3 107 99
44 17 1 5 408 40
44 19 5 2 403 121
44 38 2 10 496 258
44 48 7 4 371 188
45 3 5 3 428 259
45 6 3 8 224 438
45 19 5 2 402 435
45 22 4 6 446 185
45 44 7 8 97 240
46 40 6 8 206 422
46 45 1 20 489 347
46 49 2 4 221 248
47 48 3 8 435 8
48 16 9 7 241 145
48 37 8 8 132 87
48 46 6 2 112 354
