160 50 100
1 2 3 18 384 23
1 17 6 4 493 433
2 37 4 4 182 414
3 16 3 9 438 204
3 19 5 7 268 472
3 23 1 8 489 160
3 26 8 5 56 327
3 39 9 4 226 468
3 48 2 14 479 23
4 2 7 5 172 398
4 25 7 4 495 239
4 35 4 5 245 146
4 40 2 10 491 121
5 29 8 8 114 299
5 43 6 4 249 161
7 31 2 7 24 321
7 35 6 5 164 5
7 40 4 8 308 199
8 44 4 9 227 429
9 5 1 9 359 430
9 24 4 9 354 116
11 7 18 5 487 105
13 38 4 16 420 352
13 42 5 4 140 170
13 48 2 3 241 230
14 24 10 5 254 324
15 8 9 4 228 102
15 16 4 8 402 120
15 38 3 17 490 237
16 10 6 6 483 26
17 40 2 1 173 436
17 41 2 4 49 123
18 0 9 3 55 350
18 24 20 15 491 303
19 36 3 2 110 206
19 41 3 17 491 231
20 4 10 3 317 413
20 16 4 13 474 165
20 23 6 9 458 176
20 40 5 5 363 471
20 48 7 7 51 442
21 2 9 3 56 318
21 46 7 2 68 110
23 31 12 2 221 125
23 32 2 4 12 312
23 40 6 1 341 79
24 11 2 4 455 452
24 35 1 4 132 156
24 36 2 6 135 293
24 41 8 9 210 396
25 0 9 2 181 303
25 11 2 4 456 265
26 20 4 7 427 497
26 33 10 8 205 44
28 15 6 5 69 335
28 38 8 8 242 415
28 45 9 9 211 448
29 0 7 2 237 137
29 29 2 16 406 484
29 37 10 9 154 370
30 29 4 7 465 229
30 30 12 20 435 458
31 29 4 9 362 264
32 17 2 15 473 311
32 36 6 9 235 158
33 3 6 7 472 405
33 24 6 5 284 67
33 28 5 2 498 161
33 44 6 8 237 188
34 15 6 5 353 454
35 31 4 10 132 486
38 6 5 15 484 347
38 7 2 14 479 232
38 27 3 4 481 247
38 43 2 9 313 50
38 45 7 4 200 328
39 35 2 13 466 220
40 46 3 8 299 286
41 23 5 6 400 37
41 32 3 7 14 255
41 38 7 5 203 146
42 27 6 1 421 136
42 35 2 11 496 118
42 45 4 3 449 213
43 2 1 5 461 482
43 14 2 5 80 48
43 17 5 4 125 162
43 32 4 5 155 246
43 35 8 6 227 395
43 36 2 1 485 127
43 38 7 1 412 75
43 48 5 7 251 392
44 40 1 8 451 421
45 15 8 9 131 80
45 37 3 6 485 254
45 38 1 18 486 54
45 44 6 3 487 340
45 48 5 4 439 255
46 40 1 4 195 218
49 17 5 6 475 325
