160 50 100
0 6 3 13 471 265
1 4 11 7 230 148
1 23 7 1 149 78
2 28 1 7 247 66
4 48 5 10 130 64
5 2 6 6 462 5
5 18 4 6 281 227
5 20 3 5 448 291
5 23 9 3 248 43
5 25 3 10 70 462
5 35 2 12 473 439
5 41 4 3 139 310
5 44 8 7 14 190
5 45 2 7 220 492
5 48 4 7 233 361
7 3 2 3 457 162
9 9 4 4 452 309
9 43 1 5 102 386
10 22 5 8 228 132
10 45 18 20 315 43
12 25 6 5 219 410
13 24 1 17 497 112
14 24 6 4 364 52
14 28 8 5 201 9
15 31 5 5 459 391
16 37 4 9 172 378
16 42 7 5 92 21
17 4 1 13 481 352
17 16 1 15 482 215
17 18 8 9 100 78
17 21 7 4 248 478
17 31 4 3 452 88
17 40 5 5 80 178
17 41 1 4 10 183
18 28 1 14 494 208
19 3 8 4 402 136
19 23 6 4 160 214
20 17 7 4 440 321
20 26 7 8 230 454
21 19 4 7 260 341
21 27 2 1 205 468
21 28 7 1 235 438
22 4 4 7 222 348
23 27 2 4 417 422
24 15 3 5 476 243
24 19 9 2 397 249
24 38 8 9 236 334
24 49 8 9 129 235
25 44 4 7 70 48
26 44 9 5 119 86
27 18 6 4 59 146
27 35 8 3 386 378
27 38 6 4 385 213
27 46 7 3 351 223
28 20 3 7 140 33
28 44 3 6 427 41
31 1 3 7 88 172
31 5 8 10 229 404
31 20 2 8 476 407
31 44 2 8 483 235
32 26 2 10 264 103
32 27 8 5 451 291
32 45 4 3 498 81
33 5 2 19 484 481
33 21 4 7 487 413
33 44 9 5 172 233
33 45 4 9 102 363
35 3 3 9 101 293
35 48 9 3 487 418
36 8 8 6 194 419
36 9 9 4 114 223
36 18 5 7 312 276
37 11 3 6 470 259
37 27 3 8 368 285
38 15 16 20 340 278
38 25 2 3 37 130
38 40 8 4 436 218
39 47 2 11 487 325
40 17 6 8 393 207
41 15 5 6 40 33
42 7 9 3 464 23
42 44 1 6 488 278
43 7 17 13 163 72
43 11 5 3 483 499
43 22 1 15 478 436
43 25 7 9 215 150
43 31 2 6 430 113
43 40 6 5 202 40
43 48 9 6 237 437
44 12 4 9 123 487
44 36 1 11 476 315
44 37 9 8 145 138
44 46 9 10 154 313
45 25 6 5 86 11
45 31 8 1 120 238
45 42 2 6 500 476
46 40 1 2 322 427
48 31 5 1 151 272
48 47 1 9 105 258
49 5 8 6 120 180
