10 10 5
10 10 16
16 10 16
160 50 100
160 50 100
160 50 100
[176, 180] 50 100
160 50 100
160 50 100
160 50 100
160 50 99
640 250 793
640 250 1000
640 250 1000
700 250 1000
640 250 1000
660 250 1000
660 250 1000
640 250 1000
[600, 660] 250 616
640 250 1000
3400 1000 10000
3400 1000 10000
3200 1000 10000
3400 1000 10000
3400 1000 10000
3400 1000 10000
3400 1000 10000
3600 1000 10000
3400 1000 10000
3400 1000 10000
# energia, tamaño grilla, cantidad arboles.
# el numero de linea indica el caso de prueba
# [a, b]: valor desconocido mayor que a y menor que b
